1000 3993
0 161 63
0 908 52
0 306 50
0 437 53
0 886 7
0 154 19
0 670 52
2 96 24
2 900 20
2 681 40
2 206 4
2 687 66
2 794 10
3 64 95
3 706 38
3 298 10
3 716 23
3 537 98
4 923 64
4 783 20
4 183 35
5 649 97
5 487 27
6 137 96
6 43 40
6 547 98
6 606 89
7 888 17
7 601 48
8 996 97
8 853 52
9 609 69
9 923 3
10 393 3
10 682 12
10 444 21
11 522 66
11 886 78
12 800 69
12 11 35
13 223 79
13 144 100
13 628 95
13 93 18
13 447 37
14 128 89
14 425 11
14 748 70
14 176 32
14 154 35
15 240 52
15 609 96
15 939 48
15 334 75
16 802 46
16 845 3
16 526 92
16 242 15
16 891 39
17 801 31
17 650 54
17 717 35
17 621 62
17 851 57
18 17 38
18 435 4
18 102 51
18 343 68
19 594 46
19 99 29
19 404 73
19 246 2
20 268 51
20 434 96
20 53 2
20 635 39
20 413 83
21 969 50
21 116 17
21 383 27
22 73 86
22 130 78
22 164 24
22 870 81
23 424 26
24 650 73
24 167 38
25 128 11
25 100 40
25 590 94
25 55 72
25 476 33
26 482 14
26 455 50
26 459 84
26 300 46
26 397 63
26 814 17
27 728 19
27 554 42
27 367 87
28 58 59
28 482 20
28 108 88
29 40 10
29 595 15
29 135 70
30 838 72
30 806 98
30 529 42
30 147 49
30 918 20
30 511 87
31 112 21
31 115 53
31 392 45
32 961 36
32 740 98
32 113 58
32 563 16
32 979 49
32 477 25
33 132 91
33 548 81
34 431 12
35 37 41
35 953 11
35 523 58
35 747 10
35 589 51
35 595 67
35 926 24
35 157 64
35 822 54
35 825 96
35 731 76
35 317 25
35 889 19
36 539 10
36 974 52
36 462 68
37 753 65
37 793 85
37 777 71
37 775 81
38 224 16
38 514 43
38 135 34
38 876 59
38 917 32
39 835 81
39 419 40
39 695 94
40 129 31
40 962 39
40 500 75
40 925 72
40 511 92
41 798 17
42 17 29
42 98 83
42 60 89
42 119 5
43 73 37
43 830 100
43 23 98
44 263 11
44 362 84
44 48 17
44 209 60
44 372 69
45 712 49
45 81 62
46 283 50
46 813 33
47 546 33
47 821 83
48 120 49
48 800 76
49 449 16
49 339 42
49 423 80
50 20 36
50 925 46
50 990 10
50 583 60
51 992 46
51 877 68
51 173 49
51 53 52
51 157 17
52 521 37
52 755 51
52 756 50
53 140 35
53 663 87
54 985 61
54 685 46
54 374 52
54 39 50
55 34 36
56 871 55
56 74 22
56 149 84
56 22 14
56 246 64
56 925 16
57 896 92
57 787 3
57 549 46
57 942 88
58 74 7
58 205 52
58 77 23
58 13 83
58 560 32
58 157 43
59 200 69
59 914 15
59 723 80
59 887 63
59 30 95
60 523 17
61 812 13
62 581 4
62 486 14
62 47 52
62 215 100
62 28 64
63 355 45
63 685 39
63 567 74
64 681 22
64 20 59
64 493 96
65 737 29
65 194 51
65 386 38
65 684 54
65 178 22
65 787 55
65 889 37
65 413 68
66 289 77
66 897 87
66 379 80
66 247 35
67 840 56
67 337 9
67 612 74
67 976 89
68 762 70
68 331 36
69 742 58
69 204 6
69 949 48
69 442 48
69 444 34
70 816 92
70 897 22
70 98 48
70 623 61
71 962 20
71 674 17
71 477 51
71 318 99
72 363 57
72 99 72
72 358 68
72 519 40
73 514 86
73 770 94
73 461 22
74 513 20
74 713 37
74 110 58
74 950 7
74 633 71
75 44 80
75 285 10
76 986 62
77 954 74
77 947 31
77 132 68
77 286 46
78 418 41
78 114 94
78 412 31
78 319 64
79 257 12
79 931 91
80 99 33
80 468 90
80 14 33
81 384 55
81 201 83
81 377 9
81 315 49
81 447 17
82 236 94
82 557 88
82 142 66
82 527 52
82 340 38
82 854 95
83 454 59
83 30 71
84 995 87
84 133 32
84 681 42
84 780 5
84 244 38
84 759 39
84 159 78
85 988 79
85 860 70
86 352 21
86 292 9
86 169 81
86 425 45
86 971 77
86 461 100
86 180 34
86 479 53
87 6 89
87 937 90
87 142 35
87 175 26
87 247 98
88 744 80
88 273 42
88 381 83
88 359 64
89 318 71
89 130 15
89 778 66
89 334 75
89 687 29
89 750 63
89 693 6
89 382 86
90 746 48
90 914 1
91 163 35
91 139 71
91 941 4
91 760 49
91 891 15
91 252 71
92 56 57
92 961 56
92 826 49
92 463 35
93 134 45
93 617 51
93 44 88
93 693 42
93 93 25
93 255 23
94 998 19
94 425 92
94 809 72
94 48 12
94 662 94
94 506 5
95 818 4
95 699 64
95 834 93
95 815 46
96 787 58
96 348 66
96 237 52
96 942 99
97 2 67
97 195 33
97 551 38
97 84 28
97 635 77
97 892 48
98 835 69
98 780 90
98 12 42
98 689 90
98 251 82
98 221 34
99 224 14
99 264 34
99 360 91
99 621 2
99 477 75
99 382 64
100 416 80
100 579 96
100 259 56
101 832 68
101 674 25
101 584 2
101 13 28
101 590 52
101 976 34
101 948 23
101 533 73
101 889 10
101 157 98
101 318 60
102 736 56
102 387 37
102 804 72
103 896 47
103 833 13
103 126 3
103 62 14
105 941 85
106 256 2
106 409 54
106 777 16
106 319 36
107 472 44
107 655 44
107 133 69
107 647 80
108 248 46
108 891 42
108 847 23
108 456 36
109 674 22
109 869 62
109 744 59
109 425 35
109 790 89
109 697 53
109 123 21
109 415 2
110 682 82
111 546 94
111 361 99
111 461 38
111 783 41
111 689 12
111 340 23
111 830 7
112 928 79
112 324 59
112 489 26
112 657 8
112 861 94
113 274 63
113 155 24
113 678 23
114 624 69
114 339 6
114 880 38
114 125 3
115 722 10
115 374 29
116 291 1
116 925 49
117 161 71
117 591 64
117 51 12
117 760 94
117 93 35
118 268 60
118 941 82
118 847 76
118 479 26
119 146 25
119 589 14
119 966 76
120 688 95
120 179 37
120 887 80
120 185 55
120 410 83
121 685 14
121 244 90
121 535 59
121 407 89
122 408 51
122 483 81
123 209 17
124 792 57
124 846 50
125 793 60
125 477 85
125 158 55
126 227 34
126 451 71
126 167 55
126 557 4
126 461 90
126 729 35
127 368 60
127 353 61
127 101 84
127 173 63
129 230 21
129 970 28
129 108 85
129 45 45
129 976 3
129 529 22
129 179 73
130 705 66
130 194 93
130 433 4
130 18 16
130 789 6
130 29 8
131 866 55
131 965 47
132 928 76
132 577 11
132 18 22
132 787 96
133 36 96
133 892 33
133 533 29
133 863 19
133 828 26
133 254 56
133 383 30
134 516 2
134 133 60
135 32 95
135 449 21
135 984 40
135 607 62
136 897 60
136 659 5
136 717 34
137 804 62
137 558 26
138 96 42
138 417 46
138 360 54
138 809 100
138 558 35
138 750 60
138 816 81
138 978 81
138 89 62
138 285 69
139 3 11
139 42 77
139 143 57
139 245 6
139 954 32
140 978 35
140 567 86
141 455 67
141 42 58
141 429 5
141 666 7
141 606 18
142 579 1
142 294 62
142 329 38
142 751 42
142 852 2
142 506 68
143 194 68
143 359 10
143 521 76
143 586 55
143 816 66
143 273 63
143 119 60
143 283 22
143 413 32
144 3 35
144 164 55
144 496 15
144 721 71
144 564 65
144 213 47
144 637 24
145 931 5
145 397 71
145 976 13
145 499 56
145 820 57
146 857 62
146 969 71
147 849 32
147 316 30
147 790 68
147 881 68
148 613 38
148 522 33
148 759 77
148 81 36
148 727 93
148 568 10
148 925 100
149 806 41
149 558 14
149 623 32
149 559 87
149 629 89
150 784 44
150 547 24
150 99 98
150 723 96
151 72 39
151 703 9
151 198 60
151 623 68
152 32 23
152 481 27
152 681 6
152 202 35
152 236 36
152 21 31
152 732 66
152 94 66
153 382 95
153 807 38
154 0 33
154 90 31
155 401 42
155 292 70
155 828 68
156 450 68
156 2 62
156 773 5
156 489 76
156 971 99
156 400 18
157 931 40
157 464 88
157 18 65
157 50 46
157 309 96
157 503 41
158 164 26
158 335 7
158 401 35
158 537 31
158 893 30
158 254 1
159 802 65
159 303 1
160 513 30
160 970 62
160 846 7
160 272 28
160 689 22
160 467 70
160 119 65
161 482 3
161 251 77
161 156 53
161 719 20
162 273 21
162 119 39
163 830 87
163 429 26
163 254 88
163 391 14
164 745 83
164 274 71
164 987 66
164 4 78
165 130 22
165 135 91
165 11 11
165 235 11
165 718 29
165 859 26
166 419 42
166 868 23
166 678 26
166 783 7
166 569 58
167 384 76
167 202 53
167 672 53
167 815 75
168 403 83
168 461 15
169 906 18
169 732 60
169 36 27
169 917 47
170 945 34
170 522 39
170 479 98
171 536 11
171 829 64
172 972 21
173 385 54
173 552 45
173 937 70
173 844 53
173 787 56
173 409 45
173 26 89
173 156 34
173 957 97
173 350 3
173 447 24
174 288 3
174 170 11
174 790 33
174 187 95
174 926 47
175 955 100
175 841 62
175 714 21
175 44 79
175 699 86
176 167 48
176 618 94
176 240 21
176 950 28
176 599 17
176 696 55
176 639 18
177 293 29
177 382 19
178 359 71
178 360 96
178 524 15
178 846 52
178 48 48
178 242 51
178 403 75
178 60 17
178 221 52
179 946 84
179 948 48
179 47 27
180 684 79
180 958 70
180 862 51
180 359 37
181 152 25
181 504 55
181 341 30
181 989 46
182 530 55
182 275 91
183 458 72
183 98 93
183 219 12
183 750 87
184 230 26
184 554 44
184 373 58
184 666 63
184 282 15
184 156 30
185 553 13
185 689 46
185 285 96
185 142 75
186 867 43
186 910 14
186 189 92
186 729 60
186 637 87
187 618 91
187 276 44
188 257 50
188 436 20
188 356 42
188 287 22
189 735 71
189 957 75
189 559 47
190 432 93
190 483 62
190 580 30
190 822 85
191 581 2
191 302 72
191 786 26
191 83 1
191 51 73
191 921 86
192 663 60
193 858 49
193 908 35
193 805 70
194 161 66
194 455 61
195 483 100
195 136 80
195 777 83
195 395 48
195 269 57
195 430 40
195 603 61
196 320 11
196 265 90
197 486 5
197 575 32
198 612 5
198 11 30
198 747 44
198 440 2
198 94 52
199 255 64
199 677 28
199 685 36
199 883 34
199 287 34
200 401 100
200 746 60
200 661 38
201 869 86
202 771 98
203 113 29
203 715 32
203 166 34
203 903 95
204 276 94
204 837 11
204 854 51
205 409 50
205 522 2
205 51 41
205 101 50
206 24 33
206 368 40
206 965 37
206 423 12
207 770 46
207 994 32
207 9 71
207 618 73
207 111 41
207 318 89
208 369 37
209 737 13
209 34 79
209 522 73
209 110 60
210 473 59
210 606 72
210 503 10
211 594 44
211 733 1
211 678 8
212 385 95
212 837 71
212 37 77
212 334 39
213 252 50
213 276 45
214 3 12
214 899 35
214 428 13
214 983 24
214 278 99
214 759 32
214 344 95
215 992 6
215 205 68
216 728 79
216 97 65
216 297 57
217 136 11
217 492 47
217 271 15
217 215 88
217 378 89
217 989 87
218 450 97
218 839 49
218 296 6
218 174 1
218 667 73
219 502 43
219 919 97
219 504 67
219 349 73
219 477 26
219 158 4
220 707 91
220 647 12
220 648 8
220 872 21
220 974 41
220 895 22
220 123 92
220 831 7
221 321 46
221 106 45
221 335 9
221 303 90
221 403 46
221 506 24
222 219 33
222 112 19
222 561 8
222 752 80
222 347 39
223 945 9
223 651 26
224 250 85
224 498 22
224 541 81
225 619 60
225 367 54
225 79 26
225 15 34
225 732 68
226 967 60
226 815 56
226 311 21
227 388 32
227 926 50
227 495 64
228 634 39
228 893 84
229 641 25
229 578 60
229 276 28
229 665 37
229 122 79
229 923 6
229 62 71
230 385 56
230 379 49
230 990 87
230 902 38
231 524 12
231 204 63
231 501 17
232 154 72
232 333 1
232 366 34
233 481 94
233 73 35
233 202 60
233 829 26
233 49 52
233 926 49
233 979 87
233 733 27
233 446 6
234 896 96
234 354 36
234 203 58
234 247 12
235 944 23
235 417 96
235 613 7
235 727 74
236 704 14
236 70 67
236 969 10
236 653 59
236 665 47
236 661 72
236 153 99
237 219 34
237 564 77
238 450 46
238 998 62
238 552 48
238 618 27
238 970 100
238 881 79
238 158 26
239 163 38
239 390 5
240 77 55
240 262 65
241 67 30
241 675 4
242 8 52
242 570 87
242 893 16
243 24 88
243 553 95
243 436 82
243 454 11
244 450 54
244 803 33
244 326 61
244 136 56
244 204 33
244 848 1
244 912 5
244 659 92
245 791 68
245 285 81
245 214 42
245 223 34
246 576 28
246 194 80
246 521 59
246 339 28
246 509 95
247 193 56
247 324 96
247 360 32
247 406 11
247 543 61
248 552 62
248 642 14
248 851 48
248 728 13
249 451 30
249 710 100
250 256 30
250 994 40
251 998 39
251 970 55
251 266 73
251 142 86
251 47 94
252 96 87
252 738 29
252 290 40
252 589 68
252 754 73
252 91 64
253 697 97
253 162 49
253 703 52
254 82 77
255 726 91
256 601 47
256 281 11
256 417 4
256 769 6
257 74 35
257 778 67
257 476 57
258 164 97
258 488 79
258 617 44
258 683 100
258 334 71
258 974 79
259 161 40
259 229 59
259 171 72
259 843 26
259 144 74
259 786 12
260 545 75
260 649 13
260 877 37
260 493 98
261 192 41
261 967 37
261 426 10
261 172 43
261 943 92
262 604 62
262 958 68
263 294 28
264 317 74
264 633 78
264 99 72
264 285 71
265 725 31
265 439 6
266 539 1
266 25 44
266 403 2
267 321 46
267 434 1
267 35 23
267 862 2
268 191 73
268 162 40
268 391 78
268 779 99
268 90 20
268 735 52
269 321 75
270 962 21
270 745 70
270 367 11
270 437 12
270 950 51
270 317 27
271 221 82
271 172 87
271 61 61
271 791 28
272 785 99
272 35 14
272 284 53
274 239 88
275 168 30
275 547 18
275 524 4
275 767 74
276 233 97
276 44 6
276 974 19
276 176 19
276 792 51
277 34 98
277 553 59
277 810 48
277 407 70
277 664 71
278 145 69
278 122 11
279 66 37
279 28 23
279 365 79
280 546 6
280 997 16
280 687 29
280 887 66
280 313 34
280 794 54
281 836 94
281 334 36
281 983 30
282 898 96
282 75 88
282 845 18
282 914 35
282 437 18
282 95 92
283 352 1
283 420 54
283 456 89
283 50 92
283 597 52
284 738 86
284 76 73
285 968 57
285 313 22
285 807 31
286 714 78
286 395 42
286 846 3
286 559 25
286 944 25
286 24 70
286 605 92
287 105 84
287 966 50
287 197 32
287 838 79
288 808 43
288 521 14
288 864 78
288 350 48
289 453 2
290 458 20
290 445 95
290 294 35
291 873 12
291 547 31
291 695 30
292 224 31
292 771 5
292 708 86
292 491 83
292 499 100
292 628 83
292 694 55
293 256 27
293 419 66
293 425 65
293 114 42
293 184 74
293 25 86
294 770 1
294 614 88
294 232 69
294 124 5
294 574 90
295 744 38
295 615 69
296 680 26
296 201 83
296 189 48
296 479 80
297 355 20
297 904 45
297 202 15
297 659 4
297 119 84
298 114 49
298 252 15
299 951 14
299 598 76
299 615 31
300 203 86
300 102 59
300 715 99
301 56 63
301 657 37
301 67 71
301 126 41
302 586 2
302 244 97
302 278 7
302 822 91
302 728 75
302 283 1
303 479 59
303 670 26
303 6 89
303 278 76
304 992 25
304 643 6
304 165 23
304 888 48
304 223 42
305 737 43
305 261 68
305 645 65
305 584 29
305 156 21
305 668 16
306 708 47
306 843 32
306 757 57
306 827 99
306 349 41
307 844 98
307 751 96
307 144 62
307 498 3
307 31 56
308 995 89
308 808 77
308 494 1
308 433 2
308 441 99
308 221 100
309 484 48
309 487 15
309 140 89
309 653 75
309 302 52
309 780 89
309 983 21
310 785 41
310 410 14
310 67 23
310 842 90
311 911 43
312 608 46
312 609 53
312 105 6
312 943 44
312 625 42
312 53 5
312 411 85
313 994 5
313 395 98
313 383 85
314 297 87
314 573 93
315 434 2
315 838 86
316 931 75
316 892 89
316 528 100
316 882 72
316 793 86
316 508 95
317 521 37
317 586 89
317 972 25
317 758 98
317 255 24
318 836 81
318 267 11
318 81 21
318 243 50
318 120 39
318 59 10
319 824 17
319 51 55
319 932 66
320 498 69
320 644 8
320 190 100
321 627 53
321 571 43
321 667 48
321 656 5
322 847 93
322 565 50
322 22 40
322 381 98
322 702 25
323 979 11
323 189 49
324 931 38
324 702 64
325 950 74
325 869 74
325 334 85
325 743 87
326 0 85
326 614 38
326 19 99
326 532 5
326 790 33
326 120 83
327 464 15
327 985 87
327 999 31
327 855 18
328 49 83
328 898 100
328 231 86
329 65 90
329 645 92
329 586 76
329 861 92
329 429 95
329 141 29
329 189 53
330 477 17
330 484 84
330 101 25
331 192 27
331 891 12
331 402 47
331 91 74
332 105 34
332 962 86
332 11 12
333 291 18
333 679 23
333 431 84
333 240 86
333 688 21
333 820 37
333 536 69
333 734 1
334 160 39
334 172 87
334 495 68
334 850 73
334 884 68
334 635 22
335 768 77
335 392 20
335 235 1
335 402 6
335 90 12
336 992 75
336 807 28
336 847 81
336 368 1
336 20 12
336 253 97
337 386 55
337 891 28
338 773 71
338 171 86
338 847 52
338 659 61
338 442 67
339 777 55
339 902 21
339 79 79
340 965 14
340 680 21
340 783 38
340 537 76
340 507 1
341 846 73
341 784 80
341 50 8
341 692 35
341 116 6
342 289 81
342 679 57
342 555 93
342 50 47
342 562 52
343 323 49
343 359 58
343 753 32
343 50 4
343 798 30
344 814 86
344 598 32
345 298 57
345 659 18
345 804 53
346 778 18
347 184 88
347 532 5
348 712 97
348 305 96
348 428 43
348 705 25
349 919 34
349 542 46
349 511 18
350 686 31
351 962 12
351 899 12
351 554 40
351 846 33
351 660 66
351 446 53
352 48 14
352 985 64
352 843 4
353 792 8
353 569 70
354 584 13
354 865 27
355 840 99
355 558 25
355 50 39
355 53 42
355 949 76
355 981 77
355 250 59
356 480 82
356 997 6
356 233 16
356 879 6
356 568 12
356 253 64
357 878 23
357 743 8
358 353 52
358 930 54
358 548 41
359 552 80
359 646 20
359 526 5
360 265 37
360 739 92
360 923 31
361 553 8
361 139 95
361 16 51
361 307 20
361 342 3
361 87 96
362 571 42
362 380 47
362 718 49
362 823 6
363 288 67
363 925 47
364 520 44
364 513 81
364 808 44
364 766 63
365 88 25
365 722 50
365 634 74
366 936 72
366 213 31
366 495 81
367 664 22
367 615 82
368 261 86
368 860 22
368 400 2
368 508 45
368 29 26
370 257 93
370 925 76
372 444 73
372 805 89
372 847 70
373 933 92
373 199 93
374 477 39
374 698 26
374 461 77
374 558 34
375 760 73
375 822 25
375 150 44
375 495 100
376 554 69
376 16 43
376 630 68
376 823 8
376 126 35
377 690 90
377 34 18
377 522 98
377 634 88
378 651 9
378 420 79
379 938 16
380 740 3
380 6 64
380 937 35
380 405 86
380 29 11
380 382 60
381 97 58
381 108 92
381 693 50
381 678 5
382 584 83
382 808 89
382 672 82
383 352 16
383 649 7
383 916 16
383 774 33
384 720 58
384 506 79
384 590 57
385 564 26
385 998 25
385 231 14
386 32 21
386 956 9
386 140 44
386 357 22
387 935 64
387 525 34
387 532 100
387 596 49
387 568 18
387 956 28
388 393 8
388 657 49
389 299 31
390 866 6
390 623 43
391 733 5
391 427 47
391 708 56
391 69 22
392 656 20
392 297 29
392 533 44
393 481 35
393 133 76
393 72 35
393 714 33
393 496 14
394 706 2
394 457 18
394 398 27
394 272 93
394 658 48
394 438 58
394 893 39
395 871 83
395 361 35
395 849 73
395 567 39
395 155 56
396 708 51
396 43 2
396 524 91
396 943 30
396 114 100
397 353 33
397 771 56
398 227 79
398 9 52
398 814 8
398 366 12
398 669 56
399 914 42
399 211 55
399 533 76
400 307 31
400 438 11
400 826 63
400 891 3
400 735 56
401 840 31
401 489 21
401 518 21
401 63 83
402 624 60
402 267 22
402 648 86
403 112 56
403 699 39
403 371 59
403 253 98
404 419 100
404 589 29
404 785 51
404 500 59
404 823 88
405 193 40
405 326 18
405 582 47
405 77 61
405 367 96
405 81 7
405 945 72
405 115 40
406 744 89
406 605 71
407 393 45
407 250 82
407 238 2
407 402 65
408 529 86
408 131 84
408 459 28
409 238 5
409 687 58
410 104 64
410 289 43
410 5 7
411 663 2
411 586 62
411 39 63
412 497 2
412 650 60
412 611 61
412 878 30
413 34 11
413 166 48
413 695 90
414 282 18
414 834 30
414 310 87
415 680 77
415 876 7
415 525 82
415 114 35
415 925 53
416 168 9
416 153 65
416 354 34
416 585 10
417 729 18
417 438 73
417 862 37
418 197 58
418 941 22
419 912 65
419 453 94
420 243 37
420 175 85
421 866 29
421 627 38
421 260 28
421 301 46
422 106 7
423 0 97
423 419 18
423 45 58
423 986 48
423 859 44
424 512 70
424 505 77
424 380 31
424 62 35
425 740 76
425 552 13
425 971 18
425 621 54
425 851 65
426 594 28
426 103 99
426 47 84
427 643 17
427 934 14
427 454 56
427 724 64
427 984 38
428 904 23
428 323 78
428 84 58
429 537 32
429 122 5
429 419 69
429 31 94
430 912 91
430 281 33
430 690 29
430 339 76
431 136 93
431 507 38
431 440 73
432 321 15
432 387 97
432 848 68
432 593 16
432 115 28
432 156 3
432 861 72
433 482 55
433 907 79
433 21 86
433 7 81
434 3 14
434 542 11
435 610 24
435 644 33
435 967 2
435 141 95
435 500 77
435 826 34
436 266 55
436 293 28
437 880 59
437 354 23
437 931 40
437 30 7
438 306 87
438 850 30
438 853 91
438 118 99
438 860 60
439 717 19
439 782 62
439 885 83
439 953 77
439 923 15
439 446 68
440 880 58
440 876 87
440 711 51
441 609 42
441 386 37
441 766 36
442 686 31
442 437 50
442 478 52
443 610 18
443 364 63
443 269 27
443 271 76
443 724 88
443 440 78
443 378 61
444 161 41
444 109 84
444 655 47
445 674 93
445 647 34
445 266 24
445 652 54
445 659 30
445 372 39
446 705 55
446 717 4
446 358 48
446 327 22
447 344 55
447 226 32
448 48 49
448 458 91
448 325 89
449 899 41
449 717 91
449 815 24
450 488 43
451 156 67
451 909 18
451 102 55
452 160 96
452 48 17
452 53 27
452 375 35
452 860 15
453 769 3
453 82 80
453 107 75
453 330 61
454 672 95
454 241 13
454 927 56
455 512 77
455 866 81
455 232 43
455 489 87
455 969 52
455 532 90
455 703 42
456 248 73
456 744 61
456 434 1
456 364 35
457 640 34
457 394 85
457 780 39
457 500 66
457 855 32
457 379 92
457 63 26
458 994 91
458 639 59
458 335 52
458 347 56
458 959 47
459 642 78
459 358 26
459 874 28
459 43 73
459 430 29
459 375 65
459 414 34
460 839 56
460 457 15
460 471 62
460 286 85
460 414 20
460 543 10
461 648 2
461 556 63
461 301 62
461 48 42
461 304 29
461 882 74
461 627 89
461 819 54
461 533 77
462 608 88
462 132 68
462 943 13
463 416 99
463 848 68
463 444 39
464 827 59
464 474 86
464 227 58
465 464 31
465 545 12
465 828 64
465 782 23
466 196 40
466 301 1
466 822 92
467 108 21
467 678 86
467 78 25
467 230 7
468 168 30
468 403 63
468 437 28
469 256 91
469 486 5
469 648 54
469 938 80
469 221 92
470 773 73
470 166 6
470 784 95
470 211 8
470 886 65
470 287 53
471 592 34
471 7 72
472 288 33
472 464 30
473 34 19
473 73 91
473 914 30
473 665 60
473 955 14
474 298 24
475 384 14
475 997 80
475 272 70
475 703 15
475 757 94
475 917 22
475 863 35
476 320 8
476 646 75
476 169 84
476 395 56
476 108 65
476 813 12
477 995 6
477 360 18
477 628 17
477 21 10
477 219 54
478 237 91
478 487 12
479 390 45
479 903 92
479 270 71
479 308 63
479 407 3
480 258 94
480 579 51
480 939 8
480 109 64
480 688 94
481 304 64
481 225 74
482 658 57
482 725 56
482 21 21
482 950 11
482 215 89
483 122 37
485 192 94
485 833 85
485 266 76
485 844 22
485 305 69
485 180 20
485 216 44
485 602 56
486 312 73
486 755 28
486 384 2
487 513 1
487 77 63
487 175 25
487 912 22
487 82 14
487 442 59
487 795 17
487 157 98
488 856 68
488 905 16
488 466 95
488 993 2
489 716 31
489 563 23
489 276 79
489 793 36
489 28 42
489 895 78
490 20 41
490 742 98
490 431 72
491 200 35
491 441 16
491 945 3
491 567 73
492 649 58
492 330 71
493 912 60
493 538 44
493 339 24
493 972 51
494 552 32
494 25 7
494 308 49
494 49 74
495 291 48
495 333 54
495 818 69
495 758 43
495 760 15
495 282 49
495 62 32
496 334 45
496 975 56
497 467 67
497 765 87
497 438 47
498 576 44
498 121 82
498 871 27
499 773 14
499 744 69
499 714 61
499 240 54
499 594 42
500 97 63
500 467 40
500 677 72
500 975 87
501 274 83
501 771 38
501 694 32
502 457 5
502 578 86
502 411 89
503 80 20
503 797 35
503 454 36
504 581 22
504 558 83
504 114 68
504 565 57
504 118 89
504 538 78
504 926 39
505 410 4
506 145 88
506 564 25
507 800 51
507 627 32
507 231 85
508 906 7
508 635 12
508 4 39
508 39 73
509 226 87
509 294 75
510 48 47
510 290 59
510 971 61
511 770 98
511 778 19
511 174 90
511 70 30
512 817 39
512 667 94
512 839 29
512 711 84
513 975 19
514 426 6
515 322 96
515 581 75
515 806 78
515 780 26
515 653 18
515 249 18
515 570 88
516 200 50
516 624 38
516 212 63
516 854 1
516 86 6
517 280 10
517 378 12
517 565 8
517 207 1
518 400 86
518 347 97
518 491 54
519 192 55
519 426 47
519 740 84
520 68 44
520 293 37
520 200 2
520 330 28
520 78 45
520 432 40
520 727 47
520 601 66
520 895 45
521 554 42
521 284 83
521 765 33
522 653 59
522 788 35
522 23 58
522 790 65
522 343 60
523 931 8
523 821 2
523 453 98
523 246 8
524 384 8
524 353 6
524 449 60
524 240 12
524 310 20
524 155 99
524 446 5
525 269 52
525 86 62
526 769 24
526 582 42
526 810 84
526 267 6
526 395 96
526 848 70
526 820 8
526 122 43
526 990 29
526 415 45
527 177 91
527 493 62
527 501 48
527 305 12
528 69 71
528 358 20
528 927 83
529 170 36
529 523 27
530 873 35
530 757 37
530 359 80
531 768 84
531 198 49
531 39 79
531 776 57
531 267 55
531 821 44
531 791 60
532 993 6
532 843 24
532 817 87
532 87 19
532 154 11
533 631 31
534 992 44
534 580 73
534 44 66
534 148 15
534 89 30
534 796 99
535 505 10
535 989 5
535 343 63
536 849 24
536 667 80
536 159 11
537 649 16
537 301 93
537 949 51
538 743 1
538 175 85
538 16 73
538 148 53
538 854 35
538 791 40
538 249 51
539 417 99
539 892 78
539 406 57
540 208 75
540 294 9
540 623 64
541 571 15
541 772 95
541 5 99
542 900 36
542 614 10
542 124 64
542 462 44
543 361 43
544 17 53
544 660 57
544 888 9
544 440 52
544 377 99
545 272 32
545 461 81
546 737 74
546 259 1
546 551 47
546 725 31
546 957 99
547 946 100
547 721 24
547 642 16
549 162 55
549 913 35
549 273 58
549 565 57
549 794 53
550 413 32
550 910 62
551 933 29
551 551 77
551 716 93
551 784 3
551 594 94
551 185 99
551 410 30
551 764 21
552 530 63
552 675 56
552 919 27
553 824 12
553 329 14
554 101 35
554 647 36
554 423 92
554 690 92
554 307 45
555 9 23
555 338 38
555 177 91
555 14 9
556 416 92
556 993 47
556 672 90
556 291 33
556 332 90
557 673 24
557 35 45
557 580 7
557 708 7
557 426 78
557 43 25
558 129 99
558 933 76
558 39 83
558 623 4
558 761 27
558 665 20
558 91 18
558 889 66
559 465 54
559 883 87
559 838 79
560 360 79
560 554 24
560 910 16
560 151 89
560 248 24
561 832 42
561 609 65
561 100 2
561 292 6
561 102 33
561 644 96
561 300 39
561 692 54
561 661 31
562 29 79
562 5 76
562 669 19
563 227 2
563 616 25
563 202 82
563 523 65
563 939 68
563 559 19
563 242 26
563 948 39
564 706 14
564 805 12
564 752 5
564 210 34
564 87 52
565 169 1
565 897 36
565 884 93
566 961 20
566 934 57
566 751 81
566 15 80
566 787 49
566 477 51
566 190 17
567 893 68
567 637 51
567 549 53
567 237 14
568 122 94
568 155 26
568 546 13
568 437 46
569 298 39
569 396 73
569 29 8
569 133 48
570 665 63
570 771 41
570 213 67
571 776 14
571 43 5
571 998 19
571 815 74
572 3 18
573 320 85
573 707 20
573 812 21
573 845 99
573 755 11
574 102 72
574 588 76
574 367 80
574 762 28
574 94 27
576 513 89
576 773 50
576 43 100
576 877 74
576 593 80
576 787 56
577 453 2
577 643 87
577 69 75
578 736 20
578 455 25
578 552 87
578 529 55
578 436 49
578 535 15
578 638 95
578 63 82
579 32 100
579 452 28
579 44 68
579 210 18
579 435 57
579 567 74
579 408 53
579 91 38
580 642 54
580 843 45
580 492 56
581 850 30
581 783 35
582 210 72
582 803 52
582 605 18
582 446 34
583 0 83
583 265 74
583 624 26
584 930 23
584 99 75
584 60 58
584 527 37
584 244 12
584 628 94
584 476 24
584 733 38
584 446 40
585 993 23
585 235 57
585 87 88
586 969 94
586 10 56
587 168 40
587 835 9
588 897 6
588 115 51
588 139 68
588 303 82
589 384 98
589 174 26
589 213 41
589 438 74
589 58 22
589 319 51
590 67 69
590 838 87
590 313 57
590 808 17
590 617 14
590 872 54
590 271 50
590 342 42
590 345 75
591 760 77
591 373 47
591 53 40
591 214 23
592 448 35
592 263 45
593 648 28
593 275 68
593 180 34
593 953 8
593 543 91
594 732 99
594 983 78
595 64 80
595 833 23
595 164 83
595 165 96
595 7 75
595 361 5
596 544 51
596 833 57
596 356 97
596 645 54
596 492 15
596 51 46
596 344 2
597 705 68
597 7 26
598 251 73
598 580 21
598 431 12
599 448 90
599 99 34
599 68 13
599 110 67
599 474 79
599 890 2
600 129 23
600 514 46
600 967 92
601 770 28
601 802 27
601 835 69
601 133 50
601 645 90
601 532 53
602 840 74
602 587 23
602 931 33
602 486 10
603 492 30
603 839 83
603 351 76
603 95 69
604 619 83
604 523 27
605 3 39
605 8 52
605 328 11
605 587 70
605 279 50
605 569 63
605 637 24
606 653 37
606 375 97
607 104 75
607 6 13
607 511 38
608 601 30
608 258 36
608 378 21
609 344 85
609 536 19
609 627 13
609 525 73
610 138 100
610 634 22
610 623 88
611 839 22
612 32 61
612 296 55
612 589 90
612 632 37
612 761 84
613 722 67
613 442 72
613 635 63
613 990 14
613 831 11
614 611 74
614 70 16
614 327 86
614 892 22
614 270 77
614 127 22
614 607 45
615 835 77
615 326 48
615 521 92
615 139 57
615 671 89
615 571 68
615 383 60
616 792 41
616 800 8
617 392 11
617 273 40
617 305 95
617 946 56
617 20 89
617 824 62
618 642 92
618 596 52
618 575 66
619 608 23
619 613 55
619 718 34
619 852 69
619 693 16
619 281 50
620 760 55
620 226 32
621 964 56
621 549 99
621 40 46
621 328 17
621 684 19
621 790 39
622 387 35
622 39 67
622 752 87
622 156 98
622 191 48
623 450 25
624 763 13
624 100 75
624 183 94
625 72 15
625 921 24
625 836 89
625 944 77
626 803 91
626 105 45
626 270 28
626 176 90
626 626 51
626 469 39
626 441 37
627 676 60
627 292 84
627 261 55
628 674 24
628 585 37
628 366 3
628 143 86
628 852 41
628 280 5
628 159 38
629 229 38
629 297 24
629 272 40
629 118 90
629 56 92
630 98 25
630 923 77
630 113 64
630 947 14
630 507 99
630 894 18
632 290 7
633 320 51
633 281 90
633 140 100
634 513 17
634 226 89
634 545 88
634 938 79
634 698 28
634 796 67
635 592 50
635 475 82
635 717 38
636 740 16
636 230 24
636 489 10
636 10 67
636 300 65
636 205 70
636 141 42
636 92 88
637 452 72
637 524 18
637 432 79
637 180 55
637 182 48
637 759 90
637 538 77
637 286 55
638 700 91
638 223 94
639 354 96
639 965 80
639 759 94
640 256 34
640 266 10
640 47 47
640 597 12
640 152 83
640 217 97
640 414 64
640 927 91
641 622 92
641 46 14
641 208 50
641 431 58
641 538 1
642 674 25
642 308 27
643 385 36
643 91 56
644 984 94
644 57 40
644 966 83
644 598 11
645 6 89
645 108 12
645 173 66
645 47 55
645 818 56
645 918 39
645 377 44
645 795 6
646 592 86
646 803 81
646 206 99
646 551 35
647 100 31
647 778 95
647 404 20
647 890 32
647 478 90
648 868 8
648 744 38
648 489 81
648 335 8
648 253 81
649 248 72
649 483 32
649 453 64
649 910 28
650 706 65
650 802 26
650 687 83
650 368 71
650 114 100
650 667 38
651 160 77
651 963 91
651 78 37
652 577 80
652 131 82
652 46 80
652 403 19
652 284 47
653 257 81
653 327 61
653 330 12
653 916 51
653 313 5
653 702 24
654 760 55
654 323 6
654 892 31
655 857 35
655 918 68
655 15 13
656 195 21
656 413 7
656 878 32
656 967 53
657 771 24
657 995 88
657 647 31
657 947 13
657 858 72
657 446 34
658 761 65
658 36 98
658 486 50
659 652 46
659 138 29
659 36 89
660 885 26
660 5 35
660 47 48
661 376 52
661 214 15
662 864 75
662 649 27
662 964 37
662 607 86
663 640 64
663 864 66
663 42 33
663 406 46
663 343 30
663 694 35
663 379 67
664 394 70
664 519 66
665 166 19
665 496 97
665 922 75
665 220 4
665 862 42
666 288 30
666 964 60
666 679 94
666 14 10
666 464 72
666 497 59
667 401 94
667 879 35
667 206 39
667 143 88
668 675 51
668 934 35
668 487 9
668 936 61
668 528 86
668 83 65
669 999 13
669 616 68
669 659 90
669 282 87
669 734 53
670 202 54
670 827 24
670 342 87
670 567 79
671 576 27
671 29 53
671 302 97
672 615 68
672 527 58
672 975 16
672 308 49
672 502 38
672 888 73
672 508 1
673 416 3
673 323 32
673 637 38
673 940 64
673 629 26
673 119 61
673 445 100
674 384 34
674 660 14
674 572 23
674 776 69
675 482 100
675 515 36
675 870 53
675 19 84
675 852 73
676 581 50
676 333 39
676 338 27
676 596 91
676 119 49
676 285 27
677 65 24
677 564 77
677 845 40
678 314 77
678 539 29
678 386 98
678 215 62
679 144 50
679 705 82
679 155 13
679 645 89
680 582 88
680 748 7
680 230 16
681 928 41
681 94 54
681 727 51
683 594 9
683 786 60
683 196 77
683 383 65
684 907 9
684 910 46
684 401 94
684 82 45
684 51 64
684 788 55
684 850 20
684 983 44
684 123 33
684 606 59
684 383 17
685 931 33
685 809 83
685 124 86
685 81 85
685 401 62
685 188 5
686 984 21
686 93 11
686 262 96
687 608 99
687 99 92
687 165 12
687 901 65
687 218 9
688 963 60
689 267 39
689 349 41
689 405 24
689 494 48
690 268 100
690 557 88
691 104 93
691 768 33
691 910 4
692 272 92
692 145 86
692 720 6
692 920 100
692 442 59
693 346 5
693 371 49
693 444 84
694 82 90
695 256 53
696 903 86
696 875 73
696 7 45
697 311 56
698 390 7
698 134 68
698 681 79
698 889 15
698 414 48
699 327 44
699 624 99
699 145 46
699 563 85
699 504 75
699 571 84
700 316 33
700 693 25
700 518 84
700 567 87
701 217 16
701 449 91
702 540 7
702 141 11
703 41 49
703 425 90
703 332 64
703 177 6
703 946 44
703 55 16
703 220 54
704 490 17
705 232 16
705 54 35
706 706 84
706 227 3
706 852 9
706 919 38
706 375 90
707 520 83
707 225 63
707 515 24
707 849 6
708 632 68
708 12 98
709 864 96
709 882 100
709 835 89
710 641 73
711 962 72
711 122 82
711 611 25
711 685 88
712 941 21
712 182 35
712 631 95
713 184 50
713 587 1
714 225 14
714 771 31
714 78 75
714 943 34
714 276 90
714 635 18
714 799 24
715 967 51
715 332 14
715 862 41
715 982 79
715 409 17
715 158 33
716 994 57
716 547 34
716 70 64
716 934 74
716 660 62
716 827 1
716 573 85
717 133 46
717 104 1
717 460 11
717 399 33
717 275 25
717 152 39
718 451 32
718 562 9
718 378 28
718 924 28
718 319 59
719 113 6
719 380 17
719 309 22
720 688 23
720 987 41
720 980 53
721 726 55
721 829 73
721 85 57
721 350 85
723 464 5
723 536 52
723 403 26
724 195 90
724 968 40
724 847 40
724 468 51
724 342 36
724 918 9
724 248 39
724 956 7
725 771 54
726 967 23
726 746 56
726 24 46
726 59 64
726 637 87
727 615 93
727 139 14
727 467 42
727 308 32
727 188 87
728 994 99
728 711 6
728 269 59
728 46 54
728 342 16
729 120 72
729 225 91
729 638 53
730 328 45
730 827 58
730 652 16
731 744 32
731 361 5
731 904 55
731 562 96
731 188 96
732 963 40
732 37 35
733 672 81
733 108 62
733 623 39
733 369 94
733 980 63
733 438 7
733 280 75
734 280 62
734 846 94
735 318 93
735 519 36
735 780 94
735 526 42
735 29 50
735 766 46
736 697 92
736 2 58
736 483 51
736 773 29
737 989 73
737 462 45
737 110 41
738 932 62
738 997 99
738 314 3
738 694 69
738 122 57
739 347 100
739 476 16
739 831 34
740 393 78
740 202 40
740 446 9
741 394 13
741 75 85
741 332 47
741 916 8
741 505 47
741 29 33
742 427 97
742 715 42
742 846 36
742 624 100
742 727 38
742 826 46
742 318 7
743 922 27
743 260 96
743 526 96
744 97 72
744 2 24
744 267 94
744 12 37
744 531 75
744 250 97
745 970 7
745 593 65
745 530 74
745 760 71
745 249 55
745 220 66
746 224 4
746 483 37
746 277 48
746 462 15
747 305 32
747 628 50
747 349 62
747 934 78
748 576 69
748 169 75
748 139 56
748 36 69
749 480 8
749 874 60
749 686 10
749 304 98
749 368 12
749 405 14
749 474 33
750 267 32
750 52 31
750 820 7
750 790 40
750 156 46
750 669 28
750 862 93
751 401 80
751 314 94
751 539 64
751 486 58
752 376 62
752 297 86
752 544 11
752 975 1
753 532 98
754 762 47
754 173 43
754 342 62
755 928 99
755 439 21
755 588 31
755 753 95
755 599 3
756 137 1
756 693 7
757 384 33
757 497 14
757 52 13
757 809 22
758 424 93
758 908 25
758 530 45
758 676 68
759 609 72
760 96 31
760 28 7
760 696 65
761 106 100
761 963 10
762 326 63
762 690 83
762 580 96
762 182 22
763 560 97
763 166 74
763 774 81
764 537 16
764 699 58
764 926 27
765 131 30
765 112 89
765 93 36
765 317 31
765 350 88
766 769 100
766 803 63
766 196 30
766 492 37
766 849 50
767 992 80
767 357 88
767 230 56
767 268 94
767 180 21
768 122 65
768 906 30
768 534 10
768 471 94
769 997 15
769 173 20
769 16 94
769 313 51
769 989 57
770 101 34
770 871 46
770 843 14
770 463 30
770 920 69
770 639 11
771 872 58
771 451 41
771 518 82
772 352 12
772 772 100
772 969 48
772 977 44
772 52 70
772 760 45
773 283 65
773 204 98
773 28 63
774 696 91
774 169 18
774 792 98
774 751 53
775 288 46
775 925 26
775 152 56
775 409 7
775 794 40
775 445 85
776 833 51
776 774 25
776 48 96
776 315 41
776 30 36
776 511 69
777 129 20
777 99 71
777 6 83
777 432 53
777 468 77
777 405 23
777 637 93
778 936 21
778 622 64
779 544 12
779 459 93
780 163 9
780 140 55
780 466 73
780 853 82
780 24 65
780 348 29
780 766 100
781 578 70
781 796 28
781 789 56
782 664 67
782 58 76
782 507 40
782 719 2
783 774 43
783 937 87
783 246 76
783 732 62
783 798 45
784 646 9
784 138 57
784 150 13
784 88 27
784 345 50
784 859 89
785 684 73
785 676 43
786 681 94
786 972 3
786 657 89
786 210 35
786 307 85
786 186 10
786 542 74
787 992 31
787 900 84
787 564 93
787 517 61
788 176 12
788 609 88
788 282 6
788 167 48
789 644 8
789 374 78
790 104 63
790 330 39
791 408 26
791 289 50
791 405 7
792 861 34
792 311 43
793 841 91
793 690 83
793 548 55
793 54 82
794 490 44
795 865 64
795 500 25
796 703 53
797 730 48
797 10 60
797 732 27
797 900 49
798 389 14
798 370 34
798 946 81
798 572 40
798 348 10
798 94 41
798 286 30
799 304 46
799 520 3
799 382 69
799 222 25
800 390 41
800 367 53
800 662 38
800 411 3
800 382 31
801 291 45
801 677 100
801 167 66
801 520 48
801 397 72
802 579 39
802 989 44
802 294 54
803 672 39
803 153 79
803 340 97
803 213 2
804 577 91
804 513 24
804 234 50
804 533 87
804 831 54
805 769 67
805 749 24
805 454 96
806 172 5
806 150 35
806 287 92
807 387 73
807 852 94
807 174 80
807 919 33
808 351 35
808 95 4
809 962 80
809 131 1
809 38 35
809 211 48
809 189 80
809 190 12
809 95 41
810 548 87
810 63 66
811 347 45
811 605 89
811 261 24
811 975 20
812 772 28
812 837 96
812 70 84
812 840 66
812 106 38
812 299 43
812 569 70
813 464 52
813 753 63
814 384 100
814 743 28
814 584 55
814 840 49
814 594 80
814 983 83
814 916 31
814 895 13
814 415 56
815 656 72
815 515 48
815 926 83
815 991 28
816 912 50
816 281 31
816 178 84
816 436 7
817 368 30
817 81 18
817 393 94
817 698 6
818 129 50
819 257 77
819 742 72
819 587 93
819 473 44
819 638 47
820 968 23
820 507 12
820 261 89
821 560 12
821 892 78
821 231 51
822 480 92
822 569 6
822 148 6
822 577 54
823 524 36
823 973 8
823 912 51
823 370 4
823 895 36
824 408 78
824 148 19
825 968 91
825 969 50
826 290 40
826 324 67
826 74 85
826 944 34
826 766 15
827 42 72
827 331 65
828 675 57
828 68 11
828 228 57
828 87 16
829 993 72
829 392 10
829 330 45
829 11 87
829 394 96
829 916 88
829 917 1
829 378 69
829 607 81
830 745 75
830 322 93
830 761 29
830 437 54
831 259 90
831 549 36
831 526 26
831 759 8
832 515 27
832 650 57
832 51 4
832 812 89
833 233 66
833 925 3
833 751 23
834 520 67
834 274 95
834 239 100
835 4 10
835 996 97
835 273 11
835 438 24
835 447 67
836 682 68
836 818 63
836 718 7
836 694 36
837 486 17
837 40 16
837 105 64
837 72 94
837 250 86
837 876 14
837 154 87
837 670 62
838 724 88
838 182 6
839 248 50
839 331 14
839 942 91
840 392 70
840 394 79
840 67 76
840 802 42
841 995 41
841 766 93
841 815 82
842 353 88
842 519 49
842 915 98
842 564 51
842 989 72
843 666 17
844 735 52
844 139 95
844 431 40
845 593 2
845 666 95
845 460 2
845 625 68
846 264 66
846 402 54
846 796 82
846 647 80
847 641 88
847 264 16
847 937 44
847 959 1
847 924 3
847 511 94
848 144 94
848 338 20
848 574 71
848 783 72
849 116 61
849 566 64
849 831 54
850 474 2
850 942 3
850 894 51
851 484 74
851 683 70
851 240 53
851 979 44
851 284 49
852 600 22
852 978 45
852 30 13
853 354 40
853 164 89
853 389 80
853 113 15
853 787 42
854 390 57
854 936 60
854 779 49
854 620 13
854 85 62
855 301 50
855 634 76
855 761 20
855 186 57
855 573 53
856 640 83
856 99 25
856 909 78
856 534 37
856 987 39
857 33 34
857 865 54
857 451 91
857 814 83
857 55 80
858 133 60
858 232 26
858 298 66
858 820 71
858 316 81
859 449 61
859 291 10
859 259 70
859 170 81
859 848 11
859 914 22
859 859 29
860 801 42
860 804 71
860 239 68
861 203 27
861 950 99
862 361 20
862 370 80
863 320 40
863 49 74
863 721 4
863 789 11
864 997 38
864 299 81
864 235 22
864 492 49
864 941 39
864 533 56
864 536 61
865 109 80
865 623 79
865 721 34
865 84 99
865 23 14
865 93 64
866 897 48
866 557 61
867 166 59
867 940 13
867 141 21
867 334 73
867 432 43
867 24 44
867 827 27
867 894 15
868 512 33
868 481 33
868 547 87
868 718 72
868 304 13
868 125 54
869 227 37
870 72 97
870 480 94
871 161 17
871 697 45
871 769 49
872 561 83
872 285 78
873 232 92
873 655 72
873 757 83
873 55 86
873 664 60
873 605 49
873 254 81
873 831 32
874 589 27
874 518 8
875 848 96
875 514 53
875 627 100
875 550 67
876 144 94
876 746 48
876 581 8
876 462 14
877 608 12
877 323 41
877 518 80
877 53 27
877 599 13
878 744 5
878 792 33
878 186 16
878 687 9
879 986 11
879 620 53
879 294 53
880 395 39
880 172 36
880 508 2
880 909 17
881 674 6
881 299 74
881 893 85
881 430 70
881 93 87
881 349 77
882 985 51
882 461 58
882 366 97
883 601 54
883 174 96
883 625 45
884 698 10
884 794 62
884 967 92
885 930 72
885 186 2
885 134 36
886 281 88
886 274 13
886 212 48
886 735 57
887 442 9
887 202 20
887 52 18
887 933 71
888 907 9
888 76 31
888 102 45
889 611 6
889 646 37
889 264 96
889 12 33
889 945 11
889 852 65
889 125 61
890 312 21
890 769 69
890 348 62
890 782 72
891 832 17
891 567 22
891 167 57
892 728 8
892 324 66
892 711 83
894 217 2
894 385 85
894 789 50
894 726 79
895 50 97
895 991 15
895 644 6
895 79 66
896 744 59
896 426 86
896 685 16
896 752 93
896 570 14
896 669 85
897 899 56
897 136 49
897 780 19
897 844 88
897 978 53
897 852 54
898 297 76
898 260 65
898 489 14
898 804 34
899 767 55
899 707 48
899 747 71
900 875 37
900 893 38
900 294 64
901 432 22
901 647 50
901 293 72
901 407 38
902 850 16
902 572 87
902 726 19
903 160 93
903 620 1
903 302 33
903 983 7
904 257 66
904 312 83
904 777 98
904 145 17
904 243 10
904 88 17
904 191 65
905 515 50
905 899 84
905 69 20
905 175 38
905 921 14
906 114 64
906 843 35
906 205 17
906 279 62
907 906 25
907 636 72
907 966 71
908 81 10
908 571 8
908 252 96
908 622 31
909 737 62
909 583 82
909 360 61
909 873 93
909 936 79
909 496 87
909 339 50
909 245 46
909 886 99
909 317 95
910 800 57
910 867 9
911 197 45
913 819 40
914 696 56
914 282 78
914 115 6
914 235 64
915 696 91
915 100 47
916 116 64
916 853 54
916 550 52
916 103 20
917 433 77
917 434 24
917 627 45
917 820 73
917 117 35
918 746 32
919 451 27
919 901 79
919 137 76
919 699 25
919 285 18
920 240 14
920 684 7
921 859 6
921 163 41
921 221 7
921 991 20
922 416 64
922 496 14
922 499 64
923 416 81
923 928 71
923 169 20
923 43 3
923 813 74
923 536 76
923 350 27
924 427 95
924 467 37
924 999 23
925 898 100
925 648 49
925 723 72
925 957 73
925 991 16
926 192 4
926 837 90
926 581 91
926 844 31
926 910 15
926 87 72
927 451 51
927 7 69
927 109 45
927 846 27
927 306 9
927 222 22
928 89 29
928 682 41
928 459 14
929 979 17
929 350 92
930 841 92
930 267 19
930 985 68
930 720 35
930 697 97
930 92 60
931 227 91
931 900 61
931 872 15
931 649 50
931 618 90
931 338 78
931 148 30
931 181 28
931 347 99
932 610 51
932 182 6
932 981 84
932 166 54
933 89 20
933 717 29
933 598 19
934 997 42
935 620 68
935 426 79
935 324 28
936 813 93
936 287 56
937 277 48
937 229 8
937 559 10
938 354 68
938 763 7
938 375 66
939 289 31
939 173 57
939 788 84
939 799 65
939 126 2
939 255 74
940 824 83
940 825 54
940 143 9
941 649 3
941 267 98
941 431 15
941 880 65
941 596 12
941 24 58
942 486 24
942 170 96
942 300 23
942 925 64
942 446 84
943 482 66
943 772 4
943 197 11
943 490 95
943 522 39
943 916 6
943 343 2
943 411 31
943 956 78
943 699 13
944 450 10
945 177 35
945 314 84
945 627 38
945 134 7
946 33 48
946 995 15
946 644 4
946 101 47
946 13 18
946 926 15
946 122 1
946 379 1
946 862 98
947 280 100
947 648 80
948 987 22
948 37 10
949 321 63
949 402 33
949 466 85
949 631 73
950 323 35
950 548 39
950 970 52
950 811 29
950 920 54
950 472 16
951 704 42
951 445 30
951 150 33
951 423 59
952 514 82
952 133 64
952 393 4
952 74 66
952 916 50
952 948 83
952 759 73
952 253 26
953 165 74
954 552 80
954 333 54
954 567 89
956 736 79
956 593 69
956 588 80
956 254 69
957 624 31
957 794 12
957 3 1
958 736 43
958 227 4
958 517 2
958 972 55
958 918 75
958 88 86
958 253 46
959 779 14
959 684 95
959 775 7
960 739 80
960 230 49
960 119 25
961 203 74
961 240 83
961 594 47
961 950 33
961 474 70
961 126 88
962 449 86
962 611 9
962 548 32
962 394 21
962 144 52
963 264 11
963 312 77
963 669 32
963 62 54
964 824 98
964 587 8
964 499 12
964 814 43
965 201 12
965 740 89
966 672 54
966 290 99
967 713 53
967 279 63
969 485 67
969 296 70
969 908 18
969 699 73
969 284 49
970 737 46
970 883 61
971 41 92
971 653 30
971 550 29
972 609 82
972 482 61
972 615 58
972 977 46
972 477 38
973 304 13
973 826 100
973 519 67
974 579 36
974 195 44
974 43 24
974 399 31
974 852 51
975 193 31
975 3 74
975 389 16
975 153 63
975 123 62
975 94 33
976 416 84
976 455 95
976 490 50
976 432 64
976 155 25
977 897 36
978 512 96
978 806 24
978 116 12
978 340 96
978 607 4
979 743 41
979 937 99
979 818 8
979 787 84
979 501 26
980 572 21
980 829 66
980 207 29
981 58 28
981 845 44
981 886 9
982 688 79
982 60 59
982 904 59
983 825 12
983 350 33
984 3 21
984 517 19
984 935 100
984 296 95
984 338 42
984 501 37
984 537 26
985 32 14
985 708 75
986 991 32
986 707 26
986 493 36
986 831 70
987 578 94
987 582 58
987 503 29
988 736 33
988 514 5
988 739 33
988 281 65
988 174 77
988 623 85
988 307 68
988 855 29
988 25 70
989 528 92
989 533 8
989 341 42
989 583 100
990 360 24
990 512 21
990 368 19
990 734 18
991 486 61
992 282 36
992 140 57
993 32 86
993 36 57
993 200 61
993 620 24
993 342 93
993 726 3
993 472 75
993 473 31
993 187 50
994 68 24
994 592 46
994 177 82
994 245 100
994 221 72
995 736 38
995 423 31
995 840 60
995 903 14
995 113 5
995 629 73
995 54 40
995 922 29
996 336 14
996 226 67
996 654 52
997 795 47
997 748 69
997 485 34
997 54 86
998 350 48
998 218 5
998 174 91
998 303 33
999 128 54
999 204 94
999 756 28
999 342 40
999 983 64
999 760 25
