1000 4000
0 154 19
0 161 63
0 306 50
0 437 53
0 670 52
0 886 7
0 908 52
1 5 9
1 268 64
1 581 58
2 96 24
2 206 4
2 681 40
2 687 66
2 794 10
2 900 20
3 64 95
3 298 10
3 537 98
3 706 38
3 716 23
4 183 35
4 783 20
4 923 64
5 487 27
5 649 97
6 43 40
6 137 96
6 547 98
6 606 89
7 601 48
7 888 17
8 853 52
8 996 97
9 609 69
9 923 3
10 393 3
10 444 21
10 682 12
11 522 66
11 886 78
12 11 35
12 800 69
13 93 18
13 144 100
13 223 79
13 447 37
13 628 95
14 128 89
14 154 35
14 176 32
14 425 11
14 748 70
15 240 52
15 334 75
15 609 96
15 939 48
16 242 15
16 526 92
16 802 46
16 845 3
16 891 39
17 621 62
17 650 54
17 717 35
17 801 31
17 851 57
18 17 38
18 102 51
18 343 68
18 435 4
19 99 29
19 246 2
19 404 73
19 594 46
20 53 2
20 268 51
20 413 83
20 434 96
20 635 39
21 116 17
21 383 27
21 969 50
22 73 86
22 130 78
22 164 24
22 870 81
23 424 26
24 167 38
24 650 73
25 55 72
25 100 40
25 128 11
25 476 33
25 590 94
26 300 46
26 397 63
26 455 50
26 459 84
26 482 14
26 814 17
27 367 87
27 554 42
27 728 19
28 58 59
28 108 88
28 482 20
29 40 10
29 135 70
29 595 15
30 147 49
30 511 87
30 529 42
30 806 98
30 838 72
30 918 20
31 112 21
31 115 53
31 392 45
32 113 58
32 477 25
32 563 16
32 740 98
32 961 36
32 979 49
33 132 91
33 548 81
34 431 12
35 37 41
35 157 64
35 317 25
35 523 58
35 589 51
35 595 67
35 731 76
35 747 10
35 822 54
35 825 96
35 889 19
35 926 24
35 953 11
36 462 68
36 539 10
36 974 52
37 753 65
37 775 81
37 777 71
37 793 85
38 135 34
38 224 16
38 514 43
38 876 59
38 917 32
39 419 40
39 695 94
39 835 81
40 129 31
40 500 75
40 511 92
40 925 72
40 962 39
41 798 17
42 17 29
42 60 89
42 98 83
42 119 5
43 23 98
43 73 37
43 830 100
44 48 17
44 209 60
44 263 11
44 362 84
44 372 69
45 81 62
45 712 49
46 283 50
46 813 33
47 546 33
47 821 83
48 120 49
48 800 76
49 339 42
49 423 80
49 449 16
50 20 36
50 583 60
50 925 46
50 990 10
51 53 52
51 157 17
51 173 49
51 877 68
51 992 46
52 521 37
52 755 51
52 756 50
53 140 35
53 663 87
54 39 50
54 374 52
54 685 46
54 985 61
55 34 36
56 22 14
56 74 22
56 149 84
56 246 64
56 871 55
56 925 16
57 549 46
57 787 3
57 896 92
57 942 88
58 13 83
58 74 7
58 77 23
58 157 43
58 205 52
58 560 32
59 30 95
59 200 69
59 723 80
59 887 63
59 914 15
60 523 17
61 812 13
62 28 64
62 47 52
62 215 100
62 486 14
62 581 4
63 355 45
63 567 74
63 685 39
64 20 59
64 493 96
64 681 22
65 178 22
65 194 51
65 386 38
65 413 68
65 684 54
65 737 29
65 787 55
65 889 37
66 247 35
66 289 77
66 379 80
66 897 87
67 337 9
67 612 74
67 840 56
67 976 89
68 331 36
68 762 70
69 204 6
69 442 48
69 444 34
69 742 58
69 949 48
70 98 48
70 623 61
70 816 92
70 897 22
71 318 99
71 477 51
71 674 17
71 962 20
72 99 72
72 358 68
72 363 57
72 519 40
73 461 22
73 514 86
73 770 94
74 110 58
74 513 20
74 633 71
74 713 37
74 950 7
75 44 80
75 285 10
76 986 62
77 132 68
77 286 46
77 947 31
77 954 74
78 114 94
78 319 64
78 412 31
78 418 41
79 257 12
79 931 91
80 14 33
80 99 33
80 468 90
81 201 83
81 315 49
81 377 9
81 384 55
81 447 17
82 142 66
82 236 94
82 340 38
82 527 52
82 557 88
82 854 95
83 30 71
83 454 59
84 133 32
84 159 78
84 244 38
84 681 42
84 759 39
84 780 5
84 995 87
85 860 70
85 988 79
86 169 81
86 180 34
86 292 9
86 352 21
86 425 45
86 461 100
86 479 53
86 971 77
87 6 89
87 142 35
87 175 26
87 247 98
87 937 90
88 273 42
88 359 64
88 381 83
88 744 80
89 130 15
89 318 71
89 334 75
89 382 86
89 687 29
89 693 6
89 750 63
89 778 66
90 746 48
90 914 1
91 139 71
91 163 35
91 252 71
91 760 49
91 891 15
91 941 4
92 56 57
92 463 35
92 826 49
92 961 56
93 44 88
93 93 25
93 134 45
93 255 23
93 617 51
93 693 42
94 48 12
94 425 92
94 506 5
94 662 94
94 809 72
94 998 19
95 699 64
95 815 46
95 818 4
95 834 93
96 237 52
96 348 66
96 787 58
96 942 99
97 2 67
97 84 28
97 195 33
97 551 38
97 635 77
97 892 48
98 12 42
98 221 34
98 251 82
98 689 90
98 780 90
98 835 69
99 224 14
99 264 34
99 360 91
99 382 64
99 477 75
99 621 2
100 259 56
100 416 80
100 579 96
101 13 28
101 157 98
101 318 60
101 533 73
101 584 2
101 590 52
101 674 25
101 832 68
101 889 10
101 948 23
101 976 34
102 387 37
102 736 56
102 804 72
103 62 14
103 126 3
103 833 13
103 896 47
105 941 85
106 256 2
106 319 36
106 409 54
106 777 16
107 133 69
107 472 44
107 647 80
107 655 44
108 248 46
108 456 36
108 847 23
108 891 42
109 1 63
109 123 21
109 415 2
109 425 35
109 674 22
109 697 53
109 744 59
109 790 89
109 869 62
110 682 82
111 340 23
111 361 99
111 461 38
111 546 94
111 689 12
111 783 41
111 830 7
112 324 59
112 489 26
112 657 8
112 861 94
112 928 79
113 155 24
113 274 63
113 678 23
114 125 3
114 339 6
114 624 69
114 880 38
115 374 29
115 722 10
116 291 1
116 925 49
117 51 12
117 93 35
117 161 71
117 591 64
117 760 94
118 268 60
118 479 26
118 847 76
118 941 82
119 146 25
119 589 14
119 966 76
120 179 37
120 185 55
120 410 83
120 688 95
120 887 80
121 244 90
121 407 89
121 535 59
121 685 14
122 408 51
122 483 81
123 209 17
124 792 57
124 846 50
125 158 55
125 477 85
125 793 60
126 167 55
126 227 34
126 451 71
126 461 90
126 557 4
126 729 35
127 101 84
127 173 63
127 353 61
127 368 60
129 45 45
129 108 85
129 179 73
129 230 21
129 529 22
129 970 28
129 976 3
130 18 16
130 29 8
130 194 93
130 433 4
130 705 66
130 789 6
131 866 55
131 965 47
132 18 22
132 577 11
132 787 96
132 928 76
133 36 96
133 254 56
133 383 30
133 533 29
133 828 26
133 863 19
133 892 33
134 133 60
134 516 2
135 32 95
135 449 21
135 607 62
135 984 40
136 659 5
136 717 34
136 897 60
137 558 26
137 804 62
138 89 62
138 96 42
138 285 69
138 360 54
138 417 46
138 558 35
138 750 60
138 809 100
138 816 81
138 978 81
139 3 11
139 42 77
139 143 57
139 245 6
139 954 32
140 567 86
140 978 35
141 42 58
141 429 5
141 455 67
141 606 18
141 666 7
142 294 62
142 329 38
142 506 68
142 579 1
142 751 42
142 852 2
143 119 60
143 194 68
143 273 63
143 283 22
143 359 10
143 413 32
143 521 76
143 586 55
143 816 66
144 3 35
144 164 55
144 213 47
144 496 15
144 564 65
144 637 24
144 721 71
145 397 71
145 499 56
145 820 57
145 931 5
145 976 13
146 857 62
146 969 71
147 316 30
147 790 68
147 849 32
147 881 68
148 81 36
148 522 33
148 568 10
148 613 38
148 727 93
148 759 77
148 925 100
149 558 14
149 559 87
149 623 32
149 629 89
149 806 41
150 99 98
150 547 24
150 723 96
150 784 44
151 72 39
151 198 60
151 623 68
151 703 9
152 21 31
152 32 23
152 94 66
152 202 35
152 236 36
152 481 27
152 681 6
152 732 66
153 382 95
153 807 38
154 0 33
154 90 31
155 292 70
155 401 42
155 828 68
156 2 62
156 400 18
156 450 68
156 489 76
156 773 5
156 971 99
157 18 65
157 50 46
157 309 96
157 464 88
157 503 41
157 931 40
158 164 26
158 254 1
158 335 7
158 401 35
158 537 31
158 893 30
159 303 1
159 802 65
160 119 65
160 272 28
160 467 70
160 513 30
160 689 22
160 846 7
160 970 62
161 156 53
161 251 77
161 482 3
161 719 20
162 119 39
162 273 21
163 254 88
163 391 14
163 429 26
163 830 87
164 4 78
164 274 71
164 745 83
164 987 66
165 11 11
165 130 22
165 135 91
165 235 11
165 718 29
165 859 26
166 419 42
166 569 58
166 678 26
166 783 7
166 868 23
167 202 53
167 384 76
167 672 53
167 815 75
168 403 83
168 461 15
169 36 27
169 732 60
169 906 18
169 917 47
170 479 98
170 522 39
170 945 34
171 536 11
171 829 64
172 972 21
173 26 89
173 156 34
173 350 3
173 385 54
173 409 45
173 447 24
173 552 45
173 787 56
173 844 53
173 937 70
173 957 97
174 170 11
174 187 95
174 288 3
174 790 33
174 926 47
175 44 79
175 699 86
175 714 21
175 841 62
175 955 100
176 167 48
176 240 21
176 599 17
176 618 94
176 639 18
176 696 55
176 950 28
177 293 29
177 382 19
178 48 48
178 60 17
178 221 52
178 242 51
178 359 71
178 360 96
178 403 75
178 524 15
178 846 52
179 47 27
179 946 84
179 948 48
180 359 37
180 684 79
180 862 51
180 958 70
181 152 25
181 341 30
181 504 55
181 989 46
182 275 91
182 530 55
183 98 93
183 219 12
183 458 72
183 750 87
184 156 30
184 230 26
184 282 15
184 373 58
184 554 44
184 666 63
185 142 75
185 285 96
185 553 13
185 689 46
186 189 92
186 637 87
186 729 60
186 867 43
186 910 14
187 276 44
187 618 91
188 257 50
188 287 22
188 356 42
188 436 20
189 559 47
189 735 71
189 957 75
190 432 93
190 483 62
190 580 30
190 822 85
191 51 73
191 83 1
191 302 72
191 581 2
191 786 26
191 921 86
192 663 60
193 805 70
193 858 49
193 908 35
194 161 66
194 455 61
195 136 80
195 269 57
195 395 48
195 430 40
195 483 100
195 603 61
195 777 83
196 265 90
196 320 11
197 486 5
197 575 32
198 11 30
198 94 52
198 440 2
198 612 5
198 747 44
199 255 64
199 287 34
199 677 28
199 685 36
199 883 34
200 401 100
200 661 38
200 746 60
201 869 86
202 771 98
203 113 29
203 166 34
203 715 32
203 903 95
204 276 94
204 837 11
204 854 51
205 51 41
205 101 50
205 409 50
205 522 2
206 24 33
206 368 40
206 423 12
206 965 37
207 9 71
207 111 41
207 318 89
207 618 73
207 770 46
207 994 32
208 369 37
209 34 79
209 110 60
209 522 73
209 737 13
210 473 59
210 503 10
210 606 72
211 594 44
211 678 8
211 733 1
212 37 77
212 334 39
212 385 95
212 837 71
213 252 50
213 276 45
214 3 12
214 278 99
214 344 95
214 428 13
214 759 32
214 899 35
214 983 24
215 205 68
215 992 6
216 97 65
216 297 57
216 728 79
217 136 11
217 215 88
217 271 15
217 378 89
217 492 47
217 989 87
218 174 1
218 296 6
218 450 97
218 667 73
218 839 49
219 158 4
219 349 73
219 477 26
219 502 43
219 504 67
219 919 97
220 123 92
220 647 12
220 648 8
220 707 91
220 831 7
220 872 21
220 895 22
220 974 41
221 106 45
221 303 90
221 321 46
221 335 9
221 403 46
221 506 24
222 112 19
222 219 33
222 347 39
222 561 8
222 752 80
223 651 26
223 945 9
224 250 85
224 498 22
224 541 81
225 15 34
225 79 26
225 367 54
225 619 60
225 732 68
226 311 21
226 815 56
226 967 60
227 388 32
227 495 64
227 926 50
228 634 39
228 893 84
229 62 71
229 122 79
229 276 28
229 578 60
229 641 25
229 665 37
229 923 6
230 379 49
230 385 56
230 902 38
230 990 87
231 204 63
231 501 17
231 524 12
232 154 72
232 333 1
232 366 34
233 49 52
233 73 35
233 202 60
233 446 6
233 481 94
233 733 27
233 829 26
233 926 49
233 979 87
234 203 58
234 247 12
234 354 36
234 896 96
235 417 96
235 613 7
235 727 74
235 944 23
236 70 67
236 153 99
236 653 59
236 661 72
236 665 47
236 704 14
236 969 10
237 219 34
237 564 77
238 158 26
238 450 46
238 552 48
238 618 27
238 881 79
238 970 100
238 998 62
239 163 38
239 390 5
240 77 55
240 262 65
241 67 30
241 675 4
242 8 52
242 570 87
242 893 16
243 24 88
243 436 82
243 454 11
243 553 95
244 136 56
244 204 33
244 326 61
244 450 54
244 659 92
244 803 33
244 848 1
244 912 5
245 214 42
245 223 34
245 285 81
245 791 68
246 194 80
246 339 28
246 509 95
246 521 59
246 576 28
247 193 56
247 324 96
247 360 32
247 406 11
247 543 61
248 552 62
248 642 14
248 728 13
248 851 48
249 451 30
249 710 100
250 256 30
250 994 40
251 47 94
251 142 86
251 266 73
251 970 55
251 998 39
252 91 64
252 96 87
252 290 40
252 589 68
252 738 29
252 754 73
253 162 49
253 697 97
253 703 52
254 82 77
255 726 91
256 281 11
256 417 4
256 601 47
256 769 6
257 74 35
257 476 57
257 778 67
258 164 97
258 334 71
258 488 79
258 617 44
258 683 100
258 974 79
259 144 74
259 161 40
259 171 72
259 229 59
259 786 12
259 843 26
260 493 98
260 545 75
260 649 13
260 877 37
261 172 43
261 192 41
261 426 10
261 943 92
261 967 37
262 604 62
262 958 68
263 294 28
264 99 72
264 285 71
264 317 74
264 633 78
265 439 6
265 725 31
266 25 44
266 403 2
266 539 1
267 35 23
267 321 46
267 434 1
267 862 2
268 90 20
268 162 40
268 191 73
268 391 78
268 735 52
268 779 99
269 321 75
270 317 27
270 367 11
270 437 12
270 745 70
270 950 51
270 962 21
271 61 61
271 172 87
271 221 82
271 791 28
272 35 14
272 284 53
272 785 99
274 239 88
275 168 30
275 524 4
275 547 18
275 767 74
276 44 6
276 176 19
276 233 97
276 792 51
276 974 19
277 34 98
277 407 70
277 553 59
277 664 71
277 810 48
278 122 11
278 145 69
279 28 23
279 66 37
279 365 79
280 313 34
280 546 6
280 687 29
280 794 54
280 887 66
280 997 16
281 334 36
281 836 94
281 983 30
282 75 88
282 95 92
282 437 18
282 845 18
282 898 96
282 914 35
283 50 92
283 352 1
283 420 54
283 456 89
283 597 52
284 76 73
284 738 86
285 313 22
285 807 31
285 968 57
286 24 70
286 395 42
286 559 25
286 605 92
286 714 78
286 846 3
286 944 25
287 105 84
287 197 32
287 838 79
287 966 50
288 350 48
288 521 14
288 808 43
288 864 78
289 453 2
290 294 35
290 445 95
290 458 20
291 547 31
291 695 30
291 873 12
292 224 31
292 491 83
292 499 100
292 628 83
292 694 55
292 708 86
292 771 5
293 25 86
293 114 42
293 184 74
293 256 27
293 419 66
293 425 65
294 124 5
294 232 69
294 574 90
294 614 88
294 770 1
295 615 69
295 744 38
296 189 48
296 201 83
296 479 80
296 680 26
297 119 84
297 202 15
297 355 20
297 659 4
297 904 45
298 114 49
298 252 15
299 598 76
299 615 31
299 951 14
300 102 59
300 203 86
300 715 99
301 56 63
301 67 71
301 126 41
301 657 37
302 244 97
302 278 7
302 283 1
302 586 2
302 728 75
302 822 91
303 6 89
303 278 76
303 479 59
303 670 26
304 165 23
304 223 42
304 643 6
304 888 48
304 992 25
305 156 21
305 261 68
305 584 29
305 645 65
305 668 16
305 737 43
306 349 41
306 708 47
306 757 57
306 827 99
306 843 32
307 31 56
307 144 62
307 498 3
307 751 96
307 844 98
308 221 100
308 433 2
308 441 99
308 494 1
308 808 77
308 995 89
309 140 89
309 302 52
309 484 48
309 487 15
309 653 75
309 780 89
309 983 21
310 67 23
310 410 14
310 785 41
310 842 90
311 911 43
312 53 5
312 105 6
312 411 85
312 608 46
312 609 53
312 625 42
312 943 44
313 383 85
313 395 98
313 994 5
314 297 87
314 573 93
315 434 2
315 838 86
316 508 95
316 528 100
316 793 86
316 882 72
316 892 89
316 931 75
317 255 24
317 521 37
317 586 89
317 758 98
317 972 25
318 59 10
318 81 21
318 120 39
318 243 50
318 267 11
318 836 81
319 51 55
319 824 17
319 932 66
320 190 100
320 498 69
320 644 8
321 571 43
321 627 53
321 656 5
321 667 48
322 22 40
322 381 98
322 565 50
322 702 25
322 847 93
323 189 49
323 979 11
324 702 64
324 931 38
325 334 85
325 743 87
325 869 74
325 950 74
326 0 85
326 19 99
326 120 83
326 532 5
326 614 38
326 790 33
327 464 15
327 855 18
327 985 87
327 999 31
328 49 83
328 231 86
328 898 100
329 65 90
329 141 29
329 189 53
329 429 95
329 586 76
329 645 92
329 861 92
330 101 25
330 477 17
330 484 84
331 91 74
331 192 27
331 402 47
331 891 12
332 11 12
332 105 34
332 962 86
333 240 86
333 291 18
333 431 84
333 536 69
333 679 23
333 688 21
333 734 1
333 820 37
334 160 39
334 172 87
334 495 68
334 635 22
334 850 73
334 884 68
335 90 12
335 235 1
335 392 20
335 402 6
335 768 77
336 20 12
336 253 97
336 368 1
336 807 28
336 847 81
336 992 75
337 386 55
337 891 28
338 171 86
338 442 67
338 659 61
338 773 71
338 847 52
339 79 79
339 777 55
339 902 21
340 507 1
340 537 76
340 680 21
340 783 38
340 965 14
341 50 8
341 116 6
341 692 35
341 784 80
341 846 73
342 50 47
342 289 81
342 555 93
342 562 52
342 679 57
343 50 4
343 323 49
343 359 58
343 753 32
343 798 30
344 598 32
344 814 86
345 298 57
345 659 18
345 804 53
346 778 18
347 184 88
347 532 5
348 305 96
348 428 43
348 705 25
348 712 97
349 511 18
349 542 46
349 919 34
350 686 31
351 446 53
351 554 40
351 660 66
351 846 33
351 899 12
351 962 12
352 48 14
352 843 4
352 985 64
353 569 70
353 792 8
354 584 13
354 865 27
355 50 39
355 53 42
355 250 59
355 558 25
355 840 99
355 949 76
355 981 77
356 233 16
356 253 64
356 480 82
356 568 12
356 879 6
356 997 6
357 743 8
357 878 23
358 353 52
358 548 41
358 930 54
359 526 5
359 552 80
359 646 20
360 265 37
360 739 92
360 923 31
361 16 51
361 87 96
361 139 95
361 307 20
361 342 3
361 553 8
362 380 47
362 571 42
362 718 49
362 823 6
363 288 67
363 925 47
364 513 81
364 520 44
364 766 63
364 808 44
365 88 25
365 634 74
365 722 50
366 213 31
366 495 81
366 936 72
367 615 82
367 664 22
368 29 26
368 261 86
368 400 2
368 508 45
368 860 22
370 257 93
370 925 76
372 444 73
372 805 89
372 847 70
373 199 93
373 933 92
374 461 77
374 477 39
374 558 34
374 698 26
375 150 44
375 495 100
375 760 73
375 822 25
376 16 43
376 126 35
376 554 69
376 630 68
376 823 8
377 34 18
377 522 98
377 634 88
377 690 90
378 420 79
378 651 9
379 938 16
380 6 64
380 29 11
380 382 60
380 405 86
380 740 3
380 937 35
381 97 58
381 108 92
381 678 5
381 693 50
382 584 83
382 672 82
382 808 89
383 352 16
383 649 7
383 774 33
383 916 16
384 506 79
384 590 57
384 720 58
385 231 14
385 564 26
385 998 25
386 32 21
386 140 44
386 357 22
386 956 9
387 525 34
387 532 100
387 568 18
387 596 49
387 935 64
387 956 28
388 393 8
388 657 49
389 299 31
390 623 43
390 866 6
391 69 22
391 427 47
391 708 56
391 733 5
392 297 29
392 533 44
392 656 20
393 72 35
393 133 76
393 481 35
393 496 14
393 714 33
394 272 93
394 398 27
394 438 58
394 457 18
394 658 48
394 706 2
394 893 39
395 155 56
395 361 35
395 567 39
395 849 73
395 871 83
396 43 2
396 114 100
396 524 91
396 708 51
396 943 30
397 353 33
397 771 56
398 9 52
398 227 79
398 366 12
398 669 56
398 814 8
399 211 55
399 533 76
399 914 42
400 307 31
400 438 11
400 735 56
400 826 63
400 891 3
401 63 83
401 489 21
401 518 21
401 840 31
402 267 22
402 624 60
402 648 86
403 112 56
403 253 98
403 371 59
403 699 39
404 419 100
404 500 59
404 589 29
404 785 51
404 823 88
405 77 61
405 81 7
405 115 40
405 193 40
405 326 18
405 367 96
405 582 47
405 945 72
406 605 71
406 744 89
407 238 2
407 250 82
407 393 45
407 402 65
408 131 84
408 459 28
408 529 86
409 238 5
409 687 58
410 5 7
410 104 64
410 289 43
411 39 63
411 586 62
411 663 2
412 497 2
412 611 61
412 650 60
412 878 30
413 34 11
413 166 48
413 695 90
414 282 18
414 310 87
414 834 30
415 114 35
415 525 82
415 680 77
415 876 7
415 925 53
416 153 65
416 168 9
416 354 34
416 585 10
417 438 73
417 729 18
417 862 37
418 197 58
418 941 22
419 453 94
419 912 65
420 175 85
420 243 37
421 260 28
421 301 46
421 627 38
421 866 29
422 106 7
423 0 97
423 45 58
423 419 18
423 859 44
423 986 48
424 62 35
424 380 31
424 505 77
424 512 70
425 552 13
425 621 54
425 740 76
425 851 65
425 971 18
426 47 84
426 103 99
426 594 28
427 454 56
427 643 17
427 724 64
427 934 14
427 984 38
428 84 58
428 323 78
428 904 23
429 31 94
429 122 5
429 419 69
429 537 32
430 281 33
430 339 76
430 690 29
430 912 91
431 136 93
431 440 73
431 507 38
432 115 28
432 156 3
432 321 15
432 387 97
432 593 16
432 848 68
432 861 72
433 7 81
433 21 86
433 482 55
433 907 79
434 3 14
434 542 11
435 141 95
435 500 77
435 610 24
435 644 33
435 826 34
435 967 2
436 266 55
436 293 28
437 30 7
437 354 23
437 880 59
437 931 40
438 118 99
438 306 87
438 850 30
438 853 91
438 860 60
439 446 68
439 717 19
439 782 62
439 885 83
439 923 15
439 953 77
440 711 51
440 876 87
440 880 58
441 386 37
441 609 42
441 766 36
442 437 50
442 478 52
442 686 31
443 269 27
443 271 76
443 364 63
443 378 61
443 440 78
443 610 18
443 724 88
444 109 84
444 161 41
444 655 47
445 266 24
445 372 39
445 647 34
445 652 54
445 659 30
445 674 93
446 327 22
446 358 48
446 705 55
446 717 4
447 1 63
447 226 32
447 344 55
448 48 49
448 325 89
448 458 91
449 717 91
449 815 24
449 899 41
450 488 43
451 102 55
451 156 67
451 909 18
452 48 17
452 53 27
452 160 96
452 375 35
452 860 15
453 82 80
453 107 75
453 330 61
453 769 3
454 241 13
454 672 95
454 927 56
455 232 43
455 489 87
455 512 77
455 532 90
455 703 42
455 866 81
455 969 52
456 248 73
456 364 35
456 434 1
456 744 61
457 63 26
457 379 92
457 394 85
457 500 66
457 640 34
457 780 39
457 855 32
458 335 52
458 347 56
458 639 59
458 959 47
458 994 91
459 43 73
459 358 26
459 375 65
459 414 34
459 430 29
459 642 78
459 874 28
460 286 85
460 414 20
460 457 15
460 471 62
460 543 10
460 839 56
461 48 42
461 301 62
461 304 29
461 533 77
461 556 63
461 627 89
461 648 2
461 819 54
461 882 74
462 132 68
462 608 88
462 943 13
463 416 99
463 444 39
463 848 68
464 227 58
464 474 86
464 827 59
465 464 31
465 545 12
465 782 23
465 828 64
466 196 40
466 301 1
466 822 92
467 78 25
467 108 21
467 230 7
467 678 86
468 168 30
468 403 63
468 437 28
469 221 92
469 256 91
469 486 5
469 648 54
469 938 80
470 166 6
470 211 8
470 287 53
470 773 73
470 784 95
470 886 65
471 7 72
471 592 34
472 288 33
472 464 30
473 34 19
473 73 91
473 665 60
473 914 30
473 955 14
474 298 24
475 272 70
475 384 14
475 703 15
475 757 94
475 863 35
475 917 22
475 997 80
476 108 65
476 169 84
476 320 8
476 395 56
476 646 75
476 813 12
477 21 10
477 219 54
477 360 18
477 628 17
477 995 6
478 237 91
478 487 12
479 270 71
479 308 63
479 390 45
479 407 3
479 903 92
480 109 64
480 258 94
480 579 51
480 688 94
480 939 8
481 225 74
481 304 64
482 21 21
482 215 89
482 658 57
482 725 56
482 950 11
483 122 37
485 180 20
485 192 94
485 216 44
485 266 76
485 305 69
485 602 56
485 833 85
485 844 22
486 312 73
486 384 2
486 755 28
487 77 63
487 82 14
487 157 98
487 175 25
487 442 59
487 513 1
487 795 17
487 912 22
488 466 95
488 856 68
488 905 16
488 993 2
489 28 42
489 276 79
489 563 23
489 716 31
489 793 36
489 895 78
490 20 41
490 431 72
490 742 98
491 200 35
491 441 16
491 567 73
491 945 3
492 330 71
492 649 58
493 339 24
493 538 44
493 912 60
493 972 51
494 25 7
494 49 74
494 308 49
494 552 32
495 62 32
495 282 49
495 291 48
495 333 54
495 758 43
495 760 15
495 818 69
496 334 45
496 975 56
497 438 47
497 467 67
497 765 87
498 121 82
498 576 44
498 871 27
499 240 54
499 594 42
499 714 61
499 744 69
499 773 14
500 97 63
500 467 40
500 677 72
500 975 87
501 274 83
501 694 32
501 771 38
502 411 89
502 457 5
502 578 86
503 80 20
503 454 36
503 797 35
504 114 68
504 118 89
504 538 78
504 558 83
504 565 57
504 581 22
504 926 39
505 410 4
506 145 88
506 564 25
507 231 85
507 627 32
507 800 51
508 4 39
508 39 73
508 635 12
508 906 7
509 226 87
509 294 75
510 48 47
510 290 59
510 971 61
511 70 30
511 174 90
511 770 98
511 778 19
512 667 94
512 711 84
512 817 39
512 839 29
513 975 19
514 426 6
515 249 18
515 322 96
515 570 88
515 581 75
515 653 18
515 780 26
515 806 78
516 86 6
516 200 50
516 212 63
516 624 38
516 854 1
517 207 1
517 280 10
517 378 12
517 565 8
518 347 97
518 400 86
518 491 54
519 192 55
519 426 47
519 740 84
520 68 44
520 78 45
520 200 2
520 293 37
520 330 28
520 432 40
520 601 66
520 727 47
520 895 45
521 284 83
521 554 42
521 765 33
522 23 58
522 343 60
522 653 59
522 788 35
522 790 65
523 246 8
523 453 98
523 821 2
523 931 8
524 155 99
524 240 12
524 310 20
524 353 6
524 384 8
524 446 5
524 449 60
525 86 62
525 269 52
526 122 43
526 267 6
526 395 96
526 415 45
526 582 42
526 769 24
526 810 84
526 820 8
526 848 70
526 990 29
527 177 91
527 305 12
527 493 62
527 501 48
528 69 71
528 358 20
528 927 83
529 170 36
529 523 27
530 359 80
530 757 37
530 873 35
531 39 79
531 198 49
531 267 55
531 768 84
531 776 57
531 791 60
531 821 44
532 87 19
532 154 11
532 817 87
532 843 24
532 993 6
533 631 31
534 44 66
534 89 30
534 148 15
534 580 73
534 796 99
534 992 44
535 343 63
535 505 10
535 989 5
536 159 11
536 667 80
536 849 24
537 301 93
537 649 16
537 949 51
538 16 73
538 148 53
538 175 85
538 249 51
538 743 1
538 791 40
538 854 35
539 406 57
539 417 99
539 892 78
540 208 75
540 294 9
540 623 64
541 5 99
541 571 15
541 772 95
542 124 64
542 462 44
542 614 10
542 900 36
543 361 43
544 17 53
544 377 99
544 440 52
544 660 57
544 888 9
545 272 32
545 461 81
546 259 1
546 551 47
546 725 31
546 737 74
546 957 99
547 642 16
547 721 24
547 946 100
549 162 55
549 273 58
549 565 57
549 794 53
549 913 35
550 413 32
550 910 62
551 185 99
551 410 30
551 551 77
551 594 94
551 716 93
551 764 21
551 784 3
551 933 29
552 530 63
552 675 56
552 919 27
553 329 14
553 824 12
554 101 35
554 307 45
554 423 92
554 647 36
554 690 92
555 9 23
555 14 9
555 177 91
555 338 38
556 291 33
556 332 90
556 416 92
556 672 90
556 993 47
557 35 45
557 43 25
557 426 78
557 580 7
557 673 24
557 708 7
558 39 83
558 91 18
558 129 99
558 623 4
558 665 20
558 761 27
558 889 66
558 933 76
559 465 54
559 838 79
559 883 87
560 151 89
560 248 24
560 360 79
560 554 24
560 910 16
561 100 2
561 102 33
561 292 6
561 300 39
561 609 65
561 644 96
561 661 31
561 692 54
561 832 42
562 5 76
562 29 79
562 669 19
563 202 82
563 227 2
563 242 26
563 523 65
563 559 19
563 616 25
563 939 68
563 948 39
564 87 52
564 210 34
564 706 14
564 752 5
564 805 12
565 169 1
565 884 93
565 897 36
566 15 80
566 190 17
566 477 51
566 751 81
566 787 49
566 934 57
566 961 20
567 237 14
567 549 53
567 637 51
567 893 68
568 122 94
568 155 26
568 437 46
568 546 13
569 29 8
569 133 48
569 298 39
569 396 73
570 213 67
570 665 63
570 771 41
571 43 5
571 776 14
571 815 74
571 998 19
572 3 18
573 320 85
573 707 20
573 755 11
573 812 21
573 845 99
574 94 27
574 102 72
574 367 80
574 588 76
574 762 28
576 43 100
576 513 89
576 593 80
576 773 50
576 787 56
576 877 74
577 69 75
577 453 2
577 643 87
578 63 82
578 436 49
578 455 25
578 529 55
578 535 15
578 552 87
578 638 95
578 736 20
579 32 100
579 44 68
579 91 38
579 210 18
579 408 53
579 435 57
579 452 28
579 567 74
580 492 56
580 642 54
580 843 45
581 783 35
581 850 30
582 210 72
582 446 34
582 605 18
582 803 52
583 0 83
583 265 74
583 624 26
584 60 58
584 99 75
584 244 12
584 446 40
584 476 24
584 527 37
584 628 94
584 733 38
584 930 23
585 87 88
585 235 57
585 993 23
586 10 56
586 969 94
587 168 40
587 835 9
588 115 51
588 139 68
588 303 82
588 897 6
589 58 22
589 174 26
589 213 41
589 319 51
589 384 98
589 438 74
590 67 69
590 271 50
590 313 57
590 342 42
590 345 75
590 617 14
590 808 17
590 838 87
590 872 54
591 53 40
591 214 23
591 373 47
591 760 77
592 263 45
592 448 35
593 180 34
593 275 68
593 543 91
593 648 28
593 953 8
594 732 99
594 983 78
595 7 75
595 64 80
595 164 83
595 165 96
595 361 5
595 833 23
596 51 46
596 344 2
596 356 97
596 492 15
596 544 51
596 645 54
596 833 57
597 7 26
597 705 68
598 251 73
598 431 12
598 580 21
599 68 13
599 99 34
599 110 67
599 448 90
599 474 79
599 890 2
600 129 23
600 514 46
600 967 92
601 133 50
601 532 53
601 645 90
601 770 28
601 802 27
601 835 69
602 486 10
602 587 23
602 840 74
602 931 33
603 95 69
603 351 76
603 492 30
603 839 83
604 523 27
604 619 83
605 3 39
605 8 52
605 279 50
605 328 11
605 569 63
605 587 70
605 637 24
606 375 97
606 653 37
607 6 13
607 104 75
607 511 38
608 258 36
608 378 21
608 601 30
609 344 85
609 525 73
609 536 19
609 627 13
610 138 100
610 623 88
610 634 22
611 839 22
612 32 61
612 296 55
612 589 90
612 632 37
612 761 84
613 442 72
613 635 63
613 722 67
613 831 11
613 990 14
614 70 16
614 127 22
614 270 77
614 327 86
614 607 45
614 611 74
614 892 22
615 139 57
615 326 48
615 383 60
615 521 92
615 571 68
615 671 89
615 835 77
616 792 41
616 800 8
617 20 89
617 273 40
617 305 95
617 392 11
617 824 62
617 946 56
618 575 66
618 596 52
618 642 92
619 281 50
619 608 23
619 613 55
619 693 16
619 718 34
619 852 69
620 226 32
620 760 55
621 40 46
621 328 17
621 549 99
621 684 19
621 790 39
621 964 56
622 39 67
622 156 98
622 191 48
622 387 35
622 752 87
623 450 25
624 100 75
624 183 94
624 763 13
625 72 15
625 836 89
625 921 24
625 944 77
626 105 45
626 176 90
626 270 28
626 441 37
626 469 39
626 626 51
626 803 91
627 261 55
627 292 84
627 676 60
628 143 86
628 159 38
628 280 5
628 366 3
628 585 37
628 674 24
628 852 41
629 56 92
629 118 90
629 229 38
629 272 40
629 297 24
630 98 25
630 113 64
630 507 99
630 894 18
630 923 77
630 947 14
632 290 7
633 140 100
633 281 90
633 320 51
634 226 89
634 513 17
634 545 88
634 698 28
634 796 67
634 938 79
635 475 82
635 592 50
635 717 38
636 10 67
636 92 88
636 141 42
636 205 70
636 230 24
636 300 65
636 489 10
636 740 16
637 180 55
637 182 48
637 286 55
637 432 79
637 452 72
637 524 18
637 538 77
637 759 90
638 223 94
638 700 91
639 354 96
639 759 94
639 965 80
640 47 47
640 152 83
640 217 97
640 256 34
640 266 10
640 414 64
640 597 12
640 927 91
641 46 14
641 208 50
641 431 58
641 538 1
641 622 92
642 308 27
642 674 25
643 91 56
643 385 36
644 57 40
644 598 11
644 966 83
644 984 94
645 6 89
645 47 55
645 108 12
645 173 66
645 377 44
645 795 6
645 818 56
645 918 39
646 206 99
646 551 35
646 592 86
646 803 81
647 100 31
647 404 20
647 478 90
647 778 95
647 890 32
648 253 81
648 335 8
648 489 81
648 744 38
648 868 8
649 248 72
649 453 64
649 483 32
649 910 28
650 114 100
650 368 71
650 667 38
650 687 83
650 706 65
650 802 26
651 78 37
651 160 77
651 963 91
652 46 80
652 131 82
652 284 47
652 403 19
652 577 80
653 257 81
653 313 5
653 327 61
653 330 12
653 702 24
653 916 51
654 323 6
654 760 55
654 892 31
655 15 13
655 857 35
655 918 68
656 195 21
656 413 7
656 878 32
656 967 53
657 446 34
657 647 31
657 771 24
657 858 72
657 947 13
657 995 88
658 36 98
658 486 50
658 761 65
659 36 89
659 138 29
659 652 46
660 5 35
660 47 48
660 885 26
661 214 15
661 376 52
662 607 86
662 649 27
662 864 75
662 964 37
663 42 33
663 343 30
663 379 67
663 406 46
663 640 64
663 694 35
663 864 66
664 394 70
664 519 66
665 166 19
665 220 4
665 496 97
665 862 42
665 922 75
666 14 10
666 288 30
666 464 72
666 497 59
666 679 94
666 964 60
667 143 88
667 206 39
667 401 94
667 879 35
668 83 65
668 487 9
668 528 86
668 675 51
668 934 35
668 936 61
669 282 87
669 616 68
669 659 90
669 734 53
669 999 13
670 202 54
670 342 87
670 567 79
670 827 24
671 29 53
671 302 97
671 576 27
672 308 49
672 502 38
672 508 1
672 527 58
672 615 68
672 888 73
672 975 16
673 119 61
673 323 32
673 416 3
673 445 100
673 629 26
673 637 38
673 940 64
674 384 34
674 572 23
674 660 14
674 776 69
675 19 84
675 482 100
675 515 36
675 852 73
675 870 53
676 119 49
676 285 27
676 333 39
676 338 27
676 581 50
676 596 91
677 65 24
677 564 77
677 845 40
678 215 62
678 314 77
678 386 98
678 539 29
679 144 50
679 155 13
679 645 89
679 705 82
680 230 16
680 582 88
680 748 7
681 94 54
681 727 51
681 928 41
683 196 77
683 383 65
683 594 9
683 786 60
684 51 64
684 82 45
684 123 33
684 383 17
684 401 94
684 606 59
684 788 55
684 850 20
684 907 9
684 910 46
684 983 44
685 81 85
685 124 86
685 188 5
685 401 62
685 809 83
685 931 33
686 93 11
686 262 96
686 984 21
687 99 92
687 165 12
687 218 9
687 608 99
687 901 65
688 963 60
689 267 39
689 349 41
689 405 24
689 494 48
690 268 100
690 557 88
691 104 93
691 768 33
691 910 4
692 145 86
692 272 92
692 442 59
692 720 6
692 920 100
693 346 5
693 371 49
693 444 84
694 82 90
695 256 53
696 7 45
696 875 73
696 903 86
697 311 56
698 134 68
698 390 7
698 414 48
698 681 79
698 889 15
699 145 46
699 327 44
699 504 75
699 563 85
699 571 84
699 624 99
700 316 33
700 518 84
700 567 87
700 693 25
701 217 16
701 449 91
702 141 11
702 540 7
703 41 49
703 55 16
703 177 6
703 220 54
703 332 64
703 425 90
703 946 44
704 490 17
705 54 35
705 232 16
706 227 3
706 375 90
706 706 84
706 852 9
706 919 38
707 225 63
707 515 24
707 520 83
707 849 6
708 12 98
708 632 68
709 835 89
709 864 96
709 882 100
710 641 73
711 122 82
711 611 25
711 685 88
711 962 72
712 182 35
712 631 95
712 941 21
713 184 50
713 587 1
714 78 75
714 225 14
714 276 90
714 635 18
714 771 31
714 799 24
714 943 34
715 158 33
715 332 14
715 409 17
715 862 41
715 967 51
715 982 79
716 70 64
716 547 34
716 573 85
716 660 62
716 827 1
716 934 74
716 994 57
717 104 1
717 133 46
717 152 39
717 275 25
717 399 33
717 460 11
718 319 59
718 378 28
718 451 32
718 562 9
718 924 28
719 113 6
719 309 22
719 380 17
720 688 23
720 980 53
720 987 41
721 85 57
721 350 85
721 726 55
721 829 73
723 403 26
723 464 5
723 536 52
724 195 90
724 248 39
724 342 36
724 468 51
724 847 40
724 918 9
724 956 7
724 968 40
725 771 54
726 24 46
726 59 64
726 637 87
726 746 56
726 967 23
727 139 14
727 188 87
727 308 32
727 467 42
727 615 93
728 46 54
728 269 59
728 342 16
728 711 6
728 994 99
729 120 72
729 225 91
729 638 53
730 328 45
730 652 16
730 827 58
731 188 96
731 361 5
731 562 96
731 744 32
731 904 55
732 37 35
732 963 40
733 108 62
733 280 75
733 369 94
733 438 7
733 623 39
733 672 81
733 980 63
734 280 62
734 846 94
735 29 50
735 318 93
735 519 36
735 526 42
735 766 46
735 780 94
736 2 58
736 483 51
736 697 92
736 773 29
737 110 41
737 462 45
737 989 73
738 122 57
738 314 3
738 694 69
738 932 62
738 997 99
739 347 100
739 476 16
739 831 34
740 202 40
740 393 78
740 446 9
741 29 33
741 75 85
741 332 47
741 394 13
741 505 47
741 916 8
742 318 7
742 427 97
742 624 100
742 715 42
742 727 38
742 826 46
742 846 36
743 260 96
743 526 96
743 922 27
744 2 24
744 12 37
744 97 72
744 250 97
744 267 94
744 531 75
745 220 66
745 249 55
745 530 74
745 593 65
745 760 71
745 970 7
746 224 4
746 277 48
746 462 15
746 483 37
747 305 32
747 349 62
747 628 50
747 934 78
748 36 69
748 139 56
748 169 75
748 576 69
749 304 98
749 368 12
749 405 14
749 474 33
749 480 8
749 686 10
749 874 60
750 52 31
750 156 46
750 267 32
750 669 28
750 790 40
750 820 7
750 862 93
751 314 94
751 401 80
751 486 58
751 539 64
752 297 86
752 376 62
752 544 11
752 975 1
753 532 98
754 173 43
754 342 62
754 762 47
755 439 21
755 588 31
755 599 3
755 753 95
755 928 99
756 137 1
756 693 7
757 52 13
757 384 33
757 497 14
757 809 22
758 424 93
758 530 45
758 676 68
758 908 25
759 609 72
760 28 7
760 96 31
760 696 65
761 106 100
761 963 10
762 182 22
762 326 63
762 580 96
762 690 83
763 166 74
763 560 97
763 774 81
764 537 16
764 699 58
764 926 27
765 93 36
765 112 89
765 131 30
765 317 31
765 350 88
766 196 30
766 492 37
766 769 100
766 803 63
766 849 50
767 180 21
767 230 56
767 268 94
767 357 88
767 992 80
768 122 65
768 471 94
768 534 10
768 906 30
769 16 94
769 173 20
769 313 51
769 989 57
769 997 15
770 101 34
770 463 30
770 639 11
770 843 14
770 871 46
770 920 69
771 451 41
771 518 82
771 872 58
772 52 70
772 352 12
772 760 45
772 772 100
772 969 48
772 977 44
773 28 63
773 204 98
773 283 65
774 169 18
774 696 91
774 751 53
774 792 98
775 152 56
775 288 46
775 409 7
775 445 85
775 794 40
775 925 26
776 30 36
776 48 96
776 315 41
776 511 69
776 774 25
776 833 51
777 6 83
777 99 71
777 129 20
777 405 23
777 432 53
777 468 77
777 637 93
778 622 64
778 936 21
779 459 93
779 544 12
780 24 65
780 140 55
780 163 9
780 348 29
780 466 73
780 766 100
780 853 82
781 578 70
781 789 56
781 796 28
782 58 76
782 507 40
782 664 67
782 719 2
783 246 76
783 732 62
783 774 43
783 798 45
783 937 87
784 1 93
784 88 27
784 138 57
784 150 13
784 345 50
784 646 9
784 859 89
785 676 43
785 684 73
786 186 10
786 210 35
786 307 85
786 542 74
786 657 89
786 681 94
786 972 3
787 517 61
787 564 93
787 900 84
787 992 31
788 167 48
788 176 12
788 282 6
788 609 88
789 374 78
789 644 8
790 104 63
790 330 39
791 289 50
791 405 7
791 408 26
792 311 43
792 861 34
793 54 82
793 548 55
793 690 83
793 841 91
794 490 44
795 500 25
795 865 64
796 703 53
797 10 60
797 730 48
797 732 27
797 900 49
798 94 41
798 286 30
798 348 10
798 370 34
798 389 14
798 572 40
798 946 81
799 222 25
799 304 46
799 382 69
799 520 3
800 367 53
800 382 31
800 390 41
800 411 3
800 662 38
801 167 66
801 291 45
801 397 72
801 520 48
801 677 100
802 294 54
802 579 39
802 989 44
803 153 79
803 213 2
803 340 97
803 672 39
804 234 50
804 513 24
804 533 87
804 577 91
804 831 54
805 454 96
805 749 24
805 769 67
806 150 35
806 172 5
806 287 92
807 174 80
807 387 73
807 852 94
807 919 33
808 95 4
808 351 35
809 38 35
809 95 41
809 131 1
809 189 80
809 190 12
809 211 48
809 962 80
810 63 66
810 548 87
811 261 24
811 347 45
811 605 89
811 975 20
812 70 84
812 106 38
812 299 43
812 569 70
812 772 28
812 837 96
812 840 66
813 464 52
813 753 63
814 384 100
814 415 56
814 584 55
814 594 80
814 743 28
814 840 49
814 895 13
814 916 31
814 983 83
815 515 48
815 656 72
815 926 83
815 991 28
816 178 84
816 281 31
816 436 7
816 912 50
817 81 18
817 368 30
817 393 94
817 698 6
818 129 50
819 257 77
819 473 44
819 587 93
819 638 47
819 742 72
820 261 89
820 507 12
820 968 23
821 231 51
821 560 12
821 892 78
822 148 6
822 480 92
822 569 6
822 577 54
823 370 4
823 524 36
823 895 36
823 912 51
823 973 8
824 148 19
824 408 78
825 968 91
825 969 50
826 74 85
826 290 40
826 324 67
826 766 15
826 944 34
827 42 72
827 331 65
828 68 11
828 87 16
828 228 57
828 675 57
829 11 87
829 330 45
829 378 69
829 392 10
829 394 96
829 607 81
829 916 88
829 917 1
829 993 72
830 322 93
830 437 54
830 745 75
830 761 29
831 259 90
831 526 26
831 549 36
831 759 8
832 51 4
832 515 27
832 650 57
832 812 89
833 233 66
833 751 23
833 925 3
834 239 100
834 274 95
834 520 67
835 4 10
835 273 11
835 438 24
835 447 67
835 996 97
836 682 68
836 694 36
836 718 7
836 818 63
837 40 16
837 72 94
837 105 64
837 154 87
837 250 86
837 486 17
837 670 62
837 876 14
838 182 6
838 724 88
839 248 50
839 331 14
839 942 91
840 67 76
840 392 70
840 394 79
840 802 42
841 766 93
841 815 82
841 995 41
842 353 88
842 519 49
842 564 51
842 915 98
842 989 72
843 666 17
844 139 95
844 431 40
844 735 52
845 460 2
845 593 2
845 625 68
845 666 95
846 264 66
846 402 54
846 647 80
846 796 82
847 264 16
847 511 94
847 641 88
847 924 3
847 937 44
847 959 1
848 144 94
848 338 20
848 574 71
848 783 72
849 116 61
849 566 64
849 831 54
850 474 2
850 894 51
850 942 3
851 240 53
851 284 49
851 484 74
851 683 70
851 979 44
852 30 13
852 600 22
852 978 45
853 113 15
853 164 89
853 354 40
853 389 80
853 787 42
854 1 20
854 85 62
854 390 57
854 620 13
854 779 49
854 936 60
855 186 57
855 301 50
855 573 53
855 634 76
855 761 20
856 99 25
856 534 37
856 640 83
856 909 78
856 987 39
857 33 34
857 55 80
857 451 91
857 814 83
857 865 54
858 133 60
858 232 26
858 298 66
858 316 81
858 820 71
859 170 81
859 259 70
859 291 10
859 449 61
859 848 11
859 859 29
859 914 22
860 239 68
860 801 42
860 804 71
861 203 27
861 950 99
862 361 20
862 370 80
863 49 74
863 320 40
863 721 4
863 789 11
864 235 22
864 299 81
864 492 49
864 533 56
864 536 61
864 941 39
864 997 38
865 23 14
865 84 99
865 93 64
865 109 80
865 623 79
865 721 34
866 557 61
866 897 48
867 24 44
867 141 21
867 166 59
867 334 73
867 432 43
867 827 27
867 894 15
867 940 13
868 125 54
868 304 13
868 481 33
868 512 33
868 547 87
868 718 72
869 227 37
870 72 97
870 480 94
871 161 17
871 697 45
871 769 49
872 285 78
872 561 83
873 55 86
873 232 92
873 254 81
873 605 49
873 655 72
873 664 60
873 757 83
873 831 32
874 518 8
874 589 27
875 514 53
875 550 67
875 627 100
875 848 96
876 144 94
876 462 14
876 581 8
876 746 48
877 53 27
877 323 41
877 518 80
877 599 13
877 608 12
878 186 16
878 687 9
878 744 5
878 792 33
879 294 53
879 620 53
879 986 11
880 172 36
880 395 39
880 508 2
880 909 17
881 93 87
881 299 74
881 349 77
881 430 70
881 674 6
881 893 85
882 366 97
882 461 58
882 985 51
883 174 96
883 601 54
883 625 45
884 698 10
884 794 62
884 967 92
885 134 36
885 186 2
885 930 72
886 212 48
886 274 13
886 281 88
886 735 57
887 52 18
887 202 20
887 442 9
887 933 71
888 76 31
888 102 45
888 907 9
889 12 33
889 125 61
889 264 96
889 611 6
889 646 37
889 852 65
889 945 11
890 312 21
890 348 62
890 769 69
890 782 72
891 167 57
891 567 22
891 832 17
892 324 66
892 711 83
892 728 8
894 217 2
894 385 85
894 726 79
894 789 50
895 50 97
895 79 66
895 644 6
895 991 15
896 426 86
896 570 14
896 669 85
896 685 16
896 744 59
896 752 93
897 136 49
897 780 19
897 844 88
897 852 54
897 899 56
897 978 53
898 260 65
898 297 76
898 489 14
898 804 34
899 707 48
899 747 71
899 767 55
900 294 64
900 875 37
900 893 38
901 293 72
901 407 38
901 432 22
901 647 50
902 572 87
902 726 19
902 850 16
903 160 93
903 302 33
903 620 1
903 983 7
904 88 17
904 145 17
904 191 65
904 243 10
904 257 66
904 312 83
904 777 98
905 69 20
905 175 38
905 515 50
905 899 84
905 921 14
906 114 64
906 205 17
906 279 62
906 843 35
907 636 72
907 906 25
907 966 71
908 81 10
908 252 96
908 571 8
908 622 31
909 245 46
909 317 95
909 339 50
909 360 61
909 496 87
909 583 82
909 737 62
909 873 93
909 886 99
909 936 79
910 800 57
910 867 9
911 197 45
913 819 40
914 115 6
914 235 64
914 282 78
914 696 56
915 100 47
915 696 91
916 103 20
916 116 64
916 550 52
916 853 54
917 117 35
917 433 77
917 434 24
917 627 45
917 820 73
918 746 32
919 137 76
919 285 18
919 451 27
919 699 25
919 901 79
920 240 14
920 684 7
921 163 41
921 221 7
921 859 6
921 991 20
922 416 64
922 496 14
922 499 64
923 43 3
923 169 20
923 350 27
923 416 81
923 536 76
923 813 74
923 928 71
924 427 95
924 467 37
924 999 23
925 648 49
925 723 72
925 898 100
925 957 73
925 991 16
926 87 72
926 192 4
926 581 91
926 837 90
926 844 31
926 910 15
927 7 69
927 109 45
927 222 22
927 306 9
927 451 51
927 846 27
928 89 29
928 459 14
928 682 41
929 350 92
929 979 17
930 92 60
930 267 19
930 697 97
930 720 35
930 841 92
930 985 68
931 148 30
931 181 28
931 227 91
931 338 78
931 347 99
931 618 90
931 649 50
931 872 15
931 900 61
932 166 54
932 182 6
932 610 51
932 981 84
933 89 20
933 598 19
933 717 29
934 997 42
935 324 28
935 426 79
935 620 68
936 287 56
936 813 93
937 229 8
937 277 48
937 559 10
938 354 68
938 375 66
938 763 7
939 126 2
939 173 57
939 255 74
939 289 31
939 788 84
939 799 65
940 143 9
940 824 83
940 825 54
941 24 58
941 267 98
941 431 15
941 596 12
941 649 3
941 880 65
942 170 96
942 300 23
942 446 84
942 486 24
942 925 64
943 197 11
943 343 2
943 411 31
943 482 66
943 490 95
943 522 39
943 699 13
943 772 4
943 916 6
943 956 78
944 450 10
945 134 7
945 177 35
945 314 84
945 627 38
946 13 18
946 33 48
946 101 47
946 122 1
946 379 1
946 644 4
946 862 98
946 926 15
946 995 15
947 280 100
947 648 80
948 37 10
948 987 22
949 321 63
949 402 33
949 466 85
949 631 73
950 323 35
950 472 16
950 548 39
950 811 29
950 920 54
950 970 52
951 150 33
951 423 59
951 445 30
951 704 42
952 74 66
952 133 64
952 253 26
952 393 4
952 514 82
952 759 73
952 916 50
952 948 83
953 165 74
954 333 54
954 552 80
954 567 89
956 254 69
956 588 80
956 593 69
956 736 79
957 3 1
957 624 31
957 794 12
958 88 86
958 227 4
958 253 46
958 517 2
958 736 43
958 918 75
958 972 55
959 684 95
959 775 7
959 779 14
960 119 25
960 230 49
960 739 80
961 126 88
961 203 74
961 240 83
961 474 70
961 594 47
961 950 33
962 144 52
962 394 21
962 449 86
962 548 32
962 611 9
963 62 54
963 264 11
963 312 77
963 669 32
964 499 12
964 587 8
964 814 43
964 824 98
965 201 12
965 740 89
966 290 99
966 672 54
967 279 63
967 713 53
969 284 49
969 296 70
969 485 67
969 699 73
969 908 18
970 737 46
970 883 61
971 41 92
971 550 29
971 653 30
972 477 38
972 482 61
972 609 82
972 615 58
972 977 46
973 304 13
973 519 67
973 826 100
974 43 24
974 195 44
974 399 31
974 579 36
974 852 51
975 3 74
975 94 33
975 123 62
975 153 63
975 193 31
975 389 16
976 155 25
976 416 84
976 432 64
976 455 95
976 490 50
977 897 36
978 116 12
978 340 96
978 512 96
978 607 4
978 806 24
979 501 26
979 743 41
979 787 84
979 818 8
979 937 99
980 207 29
980 572 21
980 829 66
981 58 28
981 845 44
981 886 9
982 60 59
982 688 79
982 904 59
983 350 33
983 825 12
984 3 21
984 296 95
984 338 42
984 501 37
984 517 19
984 537 26
984 935 100
985 32 14
985 708 75
986 493 36
986 707 26
986 831 70
986 991 32
987 503 29
987 578 94
987 582 58
988 25 70
988 174 77
988 281 65
988 307 68
988 514 5
988 623 85
988 736 33
988 739 33
988 855 29
989 341 42
989 528 92
989 533 8
989 583 100
990 360 24
990 368 19
990 512 21
990 734 18
991 486 61
992 140 57
992 282 36
993 32 86
993 36 57
993 187 50
993 200 61
993 342 93
993 472 75
993 473 31
993 620 24
993 726 3
994 68 24
994 177 82
994 221 72
994 245 100
994 592 46
995 54 40
995 113 5
995 423 31
995 629 73
995 736 38
995 840 60
995 903 14
995 922 29
996 226 67
996 336 14
996 654 52
997 54 86
997 485 34
997 748 69
997 795 47
998 174 91
998 218 5
998 303 33
998 350 48
999 128 54
999 204 94
999 342 40
999 756 28
999 760 25
999 983 64
